0.344941900
0.339050400
0.346123600
0.343798500
0.341701900
0.342945600
0.341207100
0.343476400
0.343975300
0.341727100
0.346353900
0.344216100
0.345507300
0.342524300
0.348269500
0.344046500
0.340692600
0.345285700
0.344452200
0.345829400
0.343483200
0.344578500
0.340475800
0.345397200
0.344023100
0.341052500
0.342235900
0.341129400
0.340103100
0.342157800
0.343566700
0.342496100
0.343429400
0.346443500
0.342435500
0.345008300
0.344324300
0.340218100
0.343239200
0.342283400
0.345529600
0.345003900
0.344535800
0.347164900
0.343838200
0.345745200
0.344990900
0.344772900
0.342835700
0.342967500
0.342707300
0.341088000
0.345535800
0.348076700
0.346175700
0.344287200
0.340527400
0.340152100
0.343355800
0.342705300
0.343812400
0.344825300
0.342249200
0.345910300
0.342098700
0.344018800
0.342093600
0.345959900
0.345814300
0.340942400
0.348833900
0.344358000
0.345057200
0.345651000
0.342652600
0.340183200
0.345755500
0.345516100
0.344093600
0.341619700
0.343707100
0.343137000
0.341269800
0.343483500
0.344514400
0.344583500
0.342815000
0.343638700
0.345152900
0.344119100
0.345322000
0.343287500
0.347817200
0.344531700
0.348423800
0.345603800
0.346331300
0.348285400
0.343955100
0.350655900
