0.344724800
0.337848800
0.341489100
0.346228600
0.340587800
0.340608700
0.345551000
0.343606600
0.344200900
0.343993700
0.342387400
0.343024800
0.341724900
0.339642000
0.340904200
0.342387800
0.342452100
0.343789500
0.345764400
0.340988400
0.342420700
0.344560900
0.341892900
0.342227300
0.349984400
0.343660400
0.344962500
0.342468700
0.345613400
0.354441700
0.342955400
0.342707800
0.345714200
0.345174200
0.344175700
0.347882200
0.348190900
0.342080600
0.344084100
0.341241600
0.339839900
0.345559200
0.341821100
0.342282100
0.347303400
0.341851200
0.340431200
0.347355300
0.346306000
0.341125900
0.345256200
0.342642500
0.340387700
0.343406400
0.341230400
0.340081400
0.345862300
0.342608000
0.340338100
0.347152800
0.341083100
0.340192600
0.341671300
0.342124600
0.343541200
0.340961100
0.341252100
0.341467200
0.344666500
0.342716800
0.345188300
0.342497900
0.341220700
0.343514600
0.342586000
0.342066000
0.344786200
0.339825000
0.342440900
0.342726100
0.342196800
0.339844800
0.345566700
0.341113100
0.345141000
0.344219800
0.343576200
0.344685100
0.345360200
0.342391100
0.345516100
0.345227300
0.342430300
0.345887400
0.344227700
0.345189000
0.342082700
0.343377100
0.342966300
0.344335300
