0.795502700
0.787417400
0.795373100
0.798183200
0.797114100
0.787643700
0.793556900
0.789621300
0.795607400
0.793112100
0.780579000
0.792181200
0.796482100
0.795063800
0.789550100
0.785790300
0.794289200
0.784679100
0.785907900
0.809910200
0.802097000
0.791565700
0.790122900
0.793003300
0.790471400
0.800819400
0.795475400
0.786683000
0.797916500
0.782980900
0.795076000
0.802166200
0.796516900
0.800310400
0.787743800
0.792503600
0.816163400
0.825298800
0.817018300
0.816510200
0.790133300
0.800085700
0.794857700
0.795722700
0.787455600
0.793894100
0.785151600
0.793462200
0.798711900
0.816244600
0.841613300
0.831669300
0.790892100
0.793568400
0.798055400
0.800490200
0.777478200
0.796629900
0.794292200
0.790072700
0.786800700
0.805916100
0.798143800
0.782940200
0.781652500
0.804741000
0.791331000
0.792789700
0.811099900
0.785434700
0.791163500
0.818859000
0.779004400
0.808986500
0.796877000
0.792741600
0.798526000
0.782412400
0.783094200
0.777598300
0.880886900
0.942299300
0.906683500
0.793411900
0.811253300
0.800026200
0.789952600
0.799453300
0.785303000
0.796694300
0.815921300
0.794849800
0.792964600
0.800646300
0.794698900
0.808745800
0.791811900
0.804162300
0.791380700
0.790033600
