0.038502800
0.036634000
0.036585000
0.036605500
0.038585600
0.037883800
0.036531200
0.036511300
0.036539600
0.039572100
0.039293200
0.036539400
0.036530900
0.036560700
0.036527600
0.037258900
0.036524700
0.036607200
0.036592500
0.036555900
0.036639100
0.036570900
0.044473000
0.036742200
0.036563100
0.036503100
0.036534300
0.036501300
0.038470400
0.036780800
0.037031200
0.036535000
0.036531400
0.036588400
0.036579600
0.036494500
0.036580500
0.036557600
0.036552700
0.036544800
0.036546700
0.036518200
0.039194400
0.036520100
0.036487900
0.036546800
0.036789400
0.038380300
0.036591600
0.036555700
0.037530000
0.036455500
0.036529800
0.038775900
0.038277500
0.039870000
0.038061800
0.037442300
0.036522900
0.038452400
0.037970300
0.036549800
0.036558400
0.036556600
0.036554200
0.036506900
0.036537000
0.036612100
0.036560300
0.038170200
0.038031800
0.038712300
0.036634200
0.038426200
0.036581300
0.036547000
0.036494800
0.036788800
0.036574500
0.036499300
0.036525200
0.036613600
0.037128600
0.037740300
0.036642200
0.037702400
0.036567000
0.036515100
0.036499100
0.036495700
0.038174800
0.038322600
0.036571300
0.036552600
0.036515300
0.036532300
0.036526200
0.037698600
0.036597000
0.042042500
