0.120874400
0.124714300
0.126726700
0.124514100
0.123488100
0.126774400
0.116377400
0.112536400
0.116604100
0.113630800
0.115744800
0.114601500
0.136424900
0.114646100
0.116293000
0.111991000
0.109495700
0.114278000
0.112960000
0.114230600
0.112214500
0.112399400
0.112656400
0.114857100
0.112577700
0.112399800
0.115883800
0.129371800
0.107763300
0.122546200
0.111505500
0.107645900
0.110666500
0.111146000
0.112149200
0.117393900
0.116089000
0.111732500
0.110092200
0.113523300
0.110654500
0.114566400
0.113833100
0.114413200
0.111981700
0.112235100
0.111593600
0.113254800
0.114697900
0.114575100
0.116682800
0.109217400
0.109064800
0.111873700
0.112374500
0.109981100
0.114346300
0.110854700
0.110430200
0.108111200
0.108219700
0.108514900
0.108819100
0.118105800
0.111129000
0.110503200
0.110556000
0.111292900
0.112363800
0.111026500
0.111950500
0.113265300
0.115529700
0.109015800
0.107752100
0.108295200
0.109647700
0.111613700
0.109238500
0.108292000
0.108378200
0.117480400
0.113238600
0.109712900
0.113529400
0.112935200
0.117383400
0.140798700
0.107140300
0.113207500
0.113666700
0.110501300
0.110095300
0.110335000
0.110214400
0.112980600
0.110486000
0.109339100
0.115215100
0.113317900
