0.070378300
0.053924500
0.043223000
0.039223300
0.037655900
0.038892500
0.038580400
0.037503900
0.037047500
0.036202500
0.036630900
0.036708400
0.035975500
0.035988800
0.036500300
0.041329800
0.045101800
0.044479500
0.037717600
0.036115600
0.036884300
0.038954400
0.039784500
0.037917000
0.040635700
0.038487600
0.038093200
0.040472500
0.040351500
0.046004000
0.046905400
0.044733100
0.046171900
0.045384500
0.047748900
0.063179000
0.060466300
0.050102400
0.069198400
0.053075900
0.045172000
0.042845600
0.042674100
0.046295800
0.065344700
0.051050300
0.046131500
0.042717500
0.039451500
0.039734500
0.039837100
0.036323000
0.035532700
0.036445100
0.035752100
0.035475900
0.036409500
0.037599800
0.036293600
0.035552000
0.036388800
0.035980600
0.035535500
0.035453800
0.036500100
0.035450800
0.035467300
0.035467700
0.035393700
0.035532100
0.035544000
0.035442800
0.035477800
0.035499700
0.035523700
0.035488000
0.035444000
0.035532100
0.035458000
0.035446300
0.035406000
0.035420200
0.035434400
0.035650600
0.036820500
0.036033000
0.035664100
0.035398200
0.035490400
0.035431800
0.037328100
0.035678700
0.035446500
0.035513600
0.035499100
0.035781500
0.036689500
0.037476700
0.035731900
0.035672700
