0.693576100
0.685208200
0.694393100
0.690739400
0.690949000
0.692801100
0.690181100
0.690183300
0.690206300
0.692998100
0.692326000
0.693377200
0.690886700
0.688980700
0.690535300
0.688799300
0.687438600
0.691725900
0.696793600
0.696300200
0.690209300
0.692031100
0.689234000
0.702864700
0.700622800
0.692323200
0.687522500
0.692760500
0.692058500
0.689526600
0.691872500
0.693422300
0.694459900
0.695358600
0.689168300
0.692532500
0.695228600
0.697995200
0.691007300
0.688677400
0.690626500
0.691088600
0.688854400
0.692344600
0.690304200
0.688649600
0.693475800
0.691052600
0.690459400
0.691642400
0.691046800
0.689071300
0.692934700
0.693471200
0.689142900
0.692765500
0.693975200
0.692743200
0.690157600
0.690939100
0.690363300
0.689285400
0.690949300
0.691043200
0.689241500
0.692230400
0.692899600
0.688198000
0.692852100
0.692688300
0.689621300
0.692440900
0.695079800
0.692814600
0.691249200
0.694533900
0.693786300
0.687814400
0.690580300
0.693761400
0.689470700
0.690461700
0.693894900
0.690566100
0.693140800
0.692565400
0.688135100
0.693596900
0.691103700
0.693061700
0.689085200
0.695129300
0.692773500
0.690340500
0.691921500
0.691256800
0.689449500
0.692338400
0.692083300
0.688156800
