0.807253500
0.786828800
0.801627800
0.796424800
0.797618900
0.797293100
0.796862400
0.801167100
0.798252400
0.796294000
0.799944200
0.797494800
0.797193200
0.800324600
0.797206400
0.799341300
0.812064000
0.797953200
0.796608100
0.798266200
0.797773700
0.797553000
0.795988500
0.797069000
0.799945900
0.799300000
0.802030300
0.796854800
0.797808800
0.810268900
0.825410700
0.811624100
0.801891300
0.798994400
0.797059800
0.808316900
0.803018000
0.795502600
0.799994900
0.797882300
0.811240300
0.800709600
0.801686800
0.796667400
0.797869100
0.798357000
0.795998600
0.796770600
0.799834600
0.804082400
0.796566100
0.796087500
0.797586400
0.799369000
0.801998100
0.796751000
0.801523300
0.807195600
0.811212500
0.802036500
0.815120600
0.806424800
0.802055500
0.806346900
0.810190400
0.818865200
0.826670800
0.805666400
0.804285900
0.817331800
0.816494100
0.819656500
0.808122400
0.812929100
0.809525300
0.819297500
0.806445400
0.798895600
0.813106400
0.799823400
0.808267800
0.815649900
0.836275800
0.832079700
0.823523700
0.833282800
0.807396600
0.806846600
0.808840900
0.797419100
0.810513700
0.807912900
0.810594200
0.797690800
0.798875900
0.801997700
0.807045200
0.796459700
0.796767700
0.797806000
