0.997387300
0.871132700
0.879630100
0.890491300
0.878307900
1.163563000
0.920215900
0.892198800
0.881947200
0.890080400
0.874153800
0.876313500
0.871689600
0.876271500
0.872575900
0.872324400
0.879030000
0.878257300
0.882326400
0.870173800
0.874747600
0.864529500
0.876254100
0.870104500
0.870005400
0.877229900
0.875147000
0.866667300
0.871815800
0.879100000
0.869122700
0.873692900
0.867875300
0.874840400
0.880085400
0.869093300
0.872811300
0.871831000
0.869804000
0.872471500
0.866476100
0.869576100
0.867393300
0.884948600
0.868413000
0.874262900
0.872503500
0.875205800
0.878728400
0.865370800
0.866654400
0.870899800
0.870820700
0.873953200
0.867911300
0.868731000
0.868178400
0.872182500
0.938726100
0.882414200
0.877231200
0.875197100
0.867654000
0.871795100
0.871493700
0.877954500
0.868733100
0.873226900
0.878546700
0.869950200
0.873282000
0.873839600
0.872962800
0.878721600
0.874751400
0.874531800
0.868726900
0.870394900
0.870012000
0.872825700
0.867936500
0.868745300
0.869795200
0.867160400
0.873367500
0.870439400
0.905425100
0.872114700
0.868367800
0.866432800
0.867745100
0.874388400
0.866379100
0.869507900
0.873873700
0.869905300
0.867698400
0.876719400
0.878718400
0.873009800
