0.035348600
0.035427300
0.035367400
0.036279200
0.035843000
0.035345500
0.035300500
0.035264300
0.035335300
0.035387900
0.035432900
0.035349700
0.035313700
0.035385300
0.035336700
0.035366900
0.035367900
0.035334300
0.035330300
0.035297400
0.035313100
0.035968000
0.035309300
0.035287900
0.035331800
0.035412800
0.035333500
0.035342900
0.035351100
0.035357900
0.035337400
0.035365000
0.036188500
0.035324200
0.035276600
0.035894700
0.035316400
0.035357400
0.035286400
0.035370100
0.035381400
0.035363000
0.035370300
0.035367800
0.035414200
0.035313100
0.035367700
0.035350200
0.035377600
0.035339900
0.035382500
0.035292900
0.035336000
0.035313000
0.035342000
0.035320600
0.035321700
0.035387000
0.035292600
0.035386300
0.036305700
0.035344600
0.035342700
0.035347800
0.035337500
0.035331900
0.035349800
0.035342200
0.035300300
0.035376700
0.035309400
0.035313300
0.035312700
0.035811300
0.035328600
0.035265900
0.035314300
0.035389600
0.036439900
0.035290100
0.036072200
0.035341500
0.035369400
0.035377500
0.035360300
0.035301200
0.035340700
0.035278600
0.035327800
0.036066500
0.035772800
0.035350900
0.035355000
0.035314600
0.035354300
0.035376700
0.035333100
0.035344400
0.035325700
0.035326000
