0.036551700
0.036352300
0.035603700
0.035597100
0.035740200
0.035658600
0.035659900
0.035611700
0.035664200
0.035650600
0.035723300
0.035586700
0.035601700
0.035632700
0.035592900
0.035610300
0.035733200
0.035727000
0.035643000
0.035571000
0.035612800
0.037437900
0.036601500
0.035590500
0.035738300
0.035618400
0.035717200
0.035806700
0.035743400
0.035725400
0.036941300
0.035660800
0.035601500
0.035772500
0.035666600
0.035769100
0.035771900
0.035786300
0.035691100
0.035766400
0.035614800
0.035646200
0.035701700
0.035656100
0.035624400
0.035773100
0.036030300
0.035794900
0.035681700
0.038149800
0.035566300
0.035714600
0.035678700
0.035707500
0.035611900
0.035617800
0.036175200
0.035585800
0.035603500
0.035600400
0.035666200
0.035705100
0.035667700
0.035687100
0.035715500
0.035666100
0.035654600
0.035732400
0.036979200
0.035804100
0.035921300
0.035737000
0.035831300
0.035649000
0.035636700
0.035646300
0.035569100
0.036761600
0.035761900
0.035802100
0.035662400
0.035792900
0.036191100
0.035718300
0.035672700
0.035695200
0.035797400
0.035636800
0.035743300
0.035652900
0.035743700
0.035674700
0.035647100
0.035667300
0.035716000
0.035660900
0.035635300
0.035619700
0.035653500
0.036141400
