0.115464700
0.115223900
0.115193900
0.117484000
0.116109500
0.116916200
0.116407400
0.110313900
0.109849200
0.109168400
0.110686800
0.109944200
0.108474300
0.110721800
0.108088300
0.114757700
0.107784800
0.109233200
0.109242300
0.113553100
0.114587300
0.113760300
0.113620800
0.113429900
0.115232700
0.114678600
0.114324300
0.114672200
0.113268000
0.112842300
0.111514300
0.113160800
0.114266200
0.114426700
0.115079800
0.108421900
0.108398400
0.110363800
0.110613100
0.108446000
0.109170700
0.111489000
0.111393600
0.112116500
0.110803700
0.111209000
0.112797400
0.110771400
0.110715600
0.110456800
0.109661700
0.112334200
0.111452700
0.112488200
0.112605000
0.107415600
0.109021400
0.108644200
0.110929700
0.112672500
0.113066500
0.111922800
0.110013500
0.111472300
0.118242700
0.117449700
0.118358200
0.118032900
0.116997500
0.111685900
0.111317200
0.113071700
0.113781900
0.112928100
0.113213900
0.113938600
0.113660700
0.113422300
0.113259800
0.109281000
0.111114000
0.109805100
0.108540300
0.109534200
0.105567900
0.109176100
0.109937900
0.110206100
0.109118800
0.109344800
0.110589100
0.112821800
0.112486800
0.114089400
0.113628200
0.113708900
0.113544100
0.114850300
0.112299900
0.110602900
