2.139570674
2.153451041
2.170380496
2.184227002
2.153233134
2.155254675
2.160878030
2.105673081
2.152947928
2.152752761
2.155937061
2.155170676
2.135425944
2.123803675
2.154263805
2.203202159
2.058518511
2.051495443
2.049379690
2.052416603
2.052746459
2.058665172
2.060336513
2.051836539
2.061357351
2.050200987
2.054070980
2.052855960
2.053614181
2.053327321
2.054081937
2.053932286
2.055820689
2.054165080
2.050931725
2.051859929
2.052573493
2.054203909
2.047408449
2.051665075
2.053233872
2.048493068
2.052066767
2.064513520
2.053766832
2.052148801
2.050110322
2.054285905
2.056119511
2.048451760
2.051261172
2.069482380
2.050961828
2.053839517
2.051924608
2.052697113
2.055656503
2.051083835
2.052830705
2.051259720
2.049910632
2.052063602
2.052936572
2.051386593
2.059377838
2.049606235
2.048676703
2.049948589
2.050870746
2.051390054
2.056112435
2.054783498
2.048999709
2.050231029
2.051192328
2.051811116
2.056346052
2.050539053
2.050666155
2.049707059
2.055901322
2.052165978
2.052804326
2.056722441
2.053613657
2.054032348
2.051279546
2.055399431
2.048252986
2.052969197
2.057802143
2.052665209
2.052047798
2.050720501
2.049582006
2.049508406
2.050490988
2.052969895
2.051686059
2.052533560
