2.054526824
2.051803018
2.051667443
2.054283175
2.052398383
2.050510484
2.054122860
2.051688882
2.062122836
2.051765069
2.049681938
2.054638324
2.052074211
2.051234223
2.055276256
2.049460909
2.057898075
2.054459564
2.052461891
2.052218510
2.054354644
2.054746167
2.052214532
2.052132606
2.052183343
2.051072394
2.060309242
2.050905177
2.056240587
2.050160941
2.049901410
2.051048584
2.051975276
2.051302805
2.052736081
2.061510179
2.055746508
2.055219906
2.052864399
2.049210314
2.053949642
2.053624338
2.049773704
2.049768794
2.052548795
2.073291363
2.064913028
2.084789996
2.058096017
2.063537018
2.053141857
2.053917862
2.052464235
2.049911103
2.061467379
2.057855444
2.061448488
2.054044671
2.052483214
2.055330484
2.053066502
2.048786784
2.048532776
2.055912279
2.051584128
2.054683012
2.065380391
2.052498776
2.050687400
2.052135490
2.050600942
2.050064028
2.049780124
2.051485159
2.054804128
2.053852499
2.051000097
2.050714282
2.058628732
2.052565011
2.056067152
2.050587176
2.049265597
2.048446441
2.052321104
2.060373242
2.056224414
2.051764583
2.051888960
2.055041197
2.051309498
2.054400127
2.052439391
2.056557217
2.051777424
2.049856114
2.052279114
2.050308392
2.051073938
2.050327313
