2.328915950
2.341984683
2.299926548
2.295045877
2.333784416
2.314528580
2.319674358
2.288127266
2.296141601
2.356491079
2.336042361
2.276840447
2.346859879
2.303325013
2.372193277
2.275858014
2.285897296
2.302653445
2.350314948
2.348433109
2.304598356
2.287957873
2.311589413
2.343277282
2.292249981
2.323400833
2.336857983
2.314086287
2.359701771
2.322298276
2.331497665
2.392691357
2.331321415
2.314894755
2.321454633
2.332990958
2.315741574
2.288960457
2.297168356
2.387216895
2.288038321
2.346605649
2.328376676
2.303981311
2.332168965
2.331758681
2.307777157
2.289657504
2.334214542
2.318150113
2.307951840
2.339618059
2.268454930
2.282702767
2.323141695
2.352196798
2.321764196
2.298887202
2.317465673
2.318590374
2.350940600
2.324061243
2.308199999
2.293019353
2.333523015
2.343233136
2.341823418
2.334877701
2.320264473
2.341046783
2.325797346
2.357845744
2.306992578
2.314781900
2.338244737
2.292211984
2.325031696
2.363753120
2.294357908
2.326947720
2.321298094
2.306419127
2.409415993
2.325754916
2.333904445
2.364552568
2.290495074
2.327863173
2.345612539
2.368143227
2.322358166
2.302784795
2.326463396
2.356701546
2.333277609
2.355333779
2.340676305
2.342274434
2.350911580
2.317321890
