0.748441200
0.735494800
0.750620000
0.746011800
0.744816700
0.748318200
0.749663200
0.748104000
0.752877000
0.748919700
0.743643900
0.750566900
0.756012500
0.743982400
0.758585600
1.230943300
0.810580700
0.751584100
0.747100800
0.747302000
0.746391500
0.752835200
0.755337200
0.749215400
0.747144400
0.746390400
0.748889400
0.758579700
0.753301000
0.750281500
0.745584300
0.744430700
0.828677300
0.767235200
0.756159200
0.751301600
0.794480900
0.774205200
0.742755600
0.756719800
0.755810100
0.748666700
0.748355800
0.745109100
0.749921900
0.749141700
0.744585500
0.747349300
0.748870100
0.746523500
0.749062000
0.745495900
0.746612800
0.746712400
0.744807400
0.749583600
0.754665000
0.748517300
0.747455800
0.746022800
0.748960200
0.746136800
0.745655200
0.751074300
0.753614100
0.748084400
0.744857000
0.745701300
0.744987900
0.755973500
0.745445300
0.750178700
0.756363500
0.749749200
0.748185200
0.746212900
0.742271700
0.752596300
0.748912800
0.747874600
0.745738700
0.745645000
0.750099400
0.747605300
0.746822700
0.745466400
0.747164000
0.746321600
0.758332200
0.751007200
0.746494300
0.745368300
0.745598200
0.746747600
0.744928500
0.746846600
0.748111800
0.737262400
0.735058900
0.748352400
