0.002520400
0.002519000
0.002515200
0.002517200
0.002519200
0.002514200
0.002519400
0.002511500
0.002516100
0.002511100
0.002508100
0.002518100
0.002508700
0.002511000
0.002516200
0.002520000
0.002512800
0.002512100
0.002521400
0.002520800
0.002509000
0.002508400
0.002523700
0.002511800
0.002553300
0.002512800
0.002515400
0.002511600
0.002509100
0.002513100
0.002520100
0.002517100
0.002522800
0.002516600
0.002511400
0.002515100
0.002514000
0.002524700
0.002508200
0.002520400
0.002508100
0.002508900
0.002510900
0.002528700
0.002515200
0.002512100
0.002510400
0.002513500
0.002507000
0.002522400
0.002520600
0.002514000
0.002512800
0.002521800
0.002515800
0.002522800
0.002512800
0.002513800
0.002518100
0.002515800
0.002515500
0.002512600
0.002522900
0.002519700
0.002514400
0.002516100
0.002514900
0.002519900
0.002510200
0.002522800
0.002515600
0.002531700
0.002516900
0.002519800
0.002531300
0.002560600
0.002524300
0.002515200
0.002689500
0.002526000
0.002517600
0.002512500
0.002514100
0.002514800
0.002514000
0.002515100
0.002511800
0.002541900
0.002513600
0.002511900
0.002518500
0.002509700
0.002511300
0.002516800
0.002517700
0.002514000
0.002515500
0.002510700
0.002522800
0.002512300
