0.370883200
0.362089900
0.376237200
0.371414600
0.371597500
0.391142600
0.381326100
0.514808300
0.887414800
0.483739900
0.421292100
0.392013300
0.427538600
0.423118600
0.370349500
0.373285000
0.395729300
0.387339500
0.423897500
0.444318700
0.397664300
0.374086200
0.405471600
0.434189200
0.396335500
0.380473400
0.384885500
0.392585800
0.414163700
0.430799900
0.390739600
0.453761500
0.433362000
0.449702200
0.385915600
0.447156000
0.364561800
0.430125200
0.434599100
0.401855500
0.517792800
0.380047400
0.372000300
0.392069200
0.386843500
0.373049500
0.409339900
0.381271300
0.717263200
0.952117900
0.417312600
0.407455200
0.368298300
0.446963000
0.388524400
0.377561900
0.373431700
0.370692100
0.365644200
0.375043900
0.378263300
0.374864300
0.370829900
0.418167400
0.499724600
0.392381500
0.398049600
0.387003000
0.381267800
0.500079500
0.374004600
0.389120600
0.390628300
0.380696500
0.415503500
0.399155200
0.390097300
0.378806000
0.384535700
0.387108900
0.443374500
0.370139000
0.457717200
0.442048600
0.418765400
0.436252300
0.402175400
0.382825700
0.406687100
0.392094700
0.365106900
0.373570300
0.382741300
0.376752400
0.374448900
0.363719300
0.407030100
0.379350500
0.382991300
0.379436200
