0.828784300
0.819929400
0.838046900
0.833993400
0.829323800
0.838786800
0.844591200
0.837585600
0.839033000
0.845192700
0.844175400
0.839100200
0.848743000
0.849641200
0.855114100
0.828390100
0.839413300
0.835663500
0.859378900
0.852751600
0.846927100
0.854543700
0.850355100
0.838584200
0.834303000
0.846100600
0.843958900
0.839689500
0.831409300
0.830361900
0.841373900
0.827916300
0.843697800
0.841490300
0.842431900
0.830148600
0.839706200
0.849704400
0.830918800
0.854557800
0.840738500
0.848826500
0.834370400
0.844743600
0.831773700
0.834761800
0.860962100
0.842897600
0.832391700
0.855207600
0.842817600
0.843874400
0.842228300
0.846798600
0.859288200
0.854743000
0.844947100
0.854352300
0.841647000
0.836539900
0.846208400
0.835796700
0.858488300
0.846193500
0.842632000
0.834890500
0.844612900
0.870810600
0.848700700
0.855194400
0.846221200
0.845726200
0.837198600
0.848502000
0.855676100
0.921957500
0.989645400
0.896169400
0.857989100
0.854063400
0.843896000
0.833885100
0.843796000
0.840332500
0.844133800
0.842980100
0.841210100
0.830043200
0.833760300
0.835281900
0.837420600
0.838746000
0.839715100
0.839150100
0.834615100
0.834182900
0.821393800
0.833351800
0.846581500
0.839931200
