0.346713200
0.341659700
0.342820500
0.344569600
0.347752600
0.346114800
0.342864300
0.345901700
0.344136500
0.345404200
0.349733800
0.345556500
0.346108700
0.343149300
0.342965300
0.344977100
0.344363600
0.342188500
0.344969300
0.344651700
0.347593600
0.346309500
0.343017000
0.343456600
0.344367100
0.346632500
0.343821200
0.345123500
0.346262400
0.343356300
0.345783800
0.342723600
0.344958400
0.344304500
0.346456800
0.342955000
0.345570400
0.343552600
0.343890200
0.348000300
0.344255000
0.349051700
0.345240400
0.346397100
0.346553400
0.346525700
0.341799900
0.346000900
0.345322800
0.344283800
0.349741800
0.351353100
0.346263400
0.344821300
0.344698000
0.344732600
0.348701500
0.342576400
0.342906200
0.348395700
0.343612100
0.344602600
0.348760100
0.344772700
0.345373100
0.350363400
0.347749200
0.345630700
0.348589600
0.345819900
0.350602700
0.349651100
0.342605700
0.345488000
0.347457500
0.343052300
0.343648700
0.346971500
0.345902300
0.344445400
0.344600400
0.344093000
0.343236200
0.342827000
0.345422800
0.346611200
0.344836900
0.347068700
0.345970600
0.346568300
0.343596900
0.348882400
0.345519900
0.345193400
0.348743400
0.348663300
0.343147900
0.345946900
0.344527600
0.345879700
