3.480694200
3.443900800
3.467868800
3.473002800
3.472249800
3.473215400
3.471642800
3.474354700
3.467407700
3.466308600
3.470887900
3.481802800
3.473363300
3.482190100
3.479924500
3.479798900
3.474789700
3.481152900
3.480202900
3.494044900
3.470363800
3.477665200
3.472249100
3.468734000
3.469934800
3.475993100
3.479405400
3.472166600
3.474256200
3.479818600
3.476450000
3.492956000
3.475508100
3.484753100
3.495021200
3.487875900
3.481470900
3.475556300
3.468422700
3.473018400
3.589600700
3.483594200
3.514175400
3.484967000
3.489240600
3.482520000
3.473080700
3.485104500
3.483416300
3.477490800
3.471925600
3.480161800
3.478036700
3.477895600
3.480022700
3.470080400
3.491313700
3.478337000
3.483073100
3.474336000
3.475564400
3.470476100
3.486972300
3.474523300
3.475928200
3.490556600
3.482877800
3.474634400
3.489448700
3.478978400
3.490488600
3.474357500
3.473946900
3.470401400
3.481324200
3.475050600
3.476437800
3.496540400
3.474998500
3.480185400
3.472698500
3.486859200
3.474652300
3.474329000
3.475737500
3.478522100
3.473524700
3.487648700
3.493821600
3.477108200
3.475740300
3.473386700
3.476204200
3.493566900
3.484152600
3.478846900
3.473874600
3.469791400
3.469448900
3.468534600
