0.026549200
0.025167100
0.025212600
0.025165300
0.027077400
0.025176200
0.025163600
0.025161000
0.025157800
0.025133800
0.025128300
0.025156700
0.025161600
0.025148400
0.025325100
0.026050500
0.025235900
0.025208000
0.025200700
0.025212600
0.025174400
0.025149700
0.025187300
0.026204700
0.025187000
0.025182300
0.025129000
0.025164300
0.025162000
0.025159100
0.025173700
0.025144200
0.025179000
0.025249100
0.026210000
0.025138100
0.025138500
0.025180800
0.025846100
0.025947200
0.025181400
0.025151300
0.025169800
0.025173700
0.025154600
0.025128800
0.025136500
0.025259300
0.025147400
0.025173500
0.025816500
0.025137000
0.025998200
0.025140600
0.026500200
0.025185800
0.025965800
0.025638500
0.026476500
0.025549800
0.026552800
0.025138700
0.025149700
0.025132100
0.025147300
0.025157900
0.025117600
0.025166000
0.025142100
0.025169800
0.025153700
0.025139700
0.025155000
0.026101300
0.025720500
0.025719100
0.025669700
0.026063200
0.025156100
0.026575800
0.025203100
0.025187400
0.025188700
0.025183900
0.025167500
0.025162000
0.025201100
0.025167100
0.025177800
0.025178000
0.025176100
0.025198900
0.025184700
0.025171000
0.025198200
0.025166400
0.025153600
0.025173300
0.025197600
0.025178200
