0.002518400
0.002522900
0.002541300
0.002512000
0.002519000
0.002515800
0.002511100
0.002514800
0.002521100
0.002516000
0.002519300
0.002517600
0.002515700
0.002515300
0.002528700
0.002511400
0.002513600
0.002511100
0.002515400
0.002937800
0.002551800
0.002524700
0.003812500
0.002518000
0.002512800
0.002515900
0.002523800
0.002512000
0.002519100
0.002509600
0.002515300
0.002515200
0.002543400
0.002510300
0.002512900
0.002513300
0.002513700
0.002529800
0.002514300
0.002519100
0.002508000
0.002508000
0.002511100
0.002550300
0.002518900
0.002514600
0.002510400
0.002513200
0.002507900
0.002521200
0.002517400
0.002517300
0.002515000
0.002520300
0.002514200
0.002574400
0.002517100
0.002517600
0.002512100
0.002510800
0.002510700
0.002540400
0.002508700
0.002513400
0.002510200
0.002515200
0.002513900
0.002529800
0.002542700
0.002518300
0.002512100
0.002515500
0.002518800
0.002525600
0.002515500
0.002515000
0.002519300
0.002514500
0.002514900
0.002526300
0.002530700
0.002515800
0.002517200
0.002512000
0.002514500
0.002526900
0.002518900
0.002509000
0.002515600
0.002518700
0.002510700
0.002536100
0.002673200
0.002802000
0.002520200
0.002511500
0.002515100
0.002534700
0.002515300
0.002508700
