0.769920800
0.774990800
0.810561700
0.802609900
0.782007300
0.778109500
0.780747300
0.804584800
0.886742700
0.815198200
0.787779000
0.783162200
0.787858000
0.776479000
0.790273200
0.775188600
0.780791500
0.836014400
0.821496100
0.810060500
0.898292300
0.810254400
0.796997500
0.802783900
0.803419300
0.792575700
0.806528400
0.812627900
0.816140700
0.819703800
0.819152900
0.807693400
0.809090700
3.576321900
0.784308500
0.788208200
0.806639700
0.806155800
0.813298000
0.782134500
0.815277600
0.820680900
0.795778100
0.791097100
0.787086700
0.788890100
0.791231800
0.795425600
0.782563000
0.794068500
0.785093300
0.785017900
0.812167000
0.808205200
0.787151800
0.807219700
0.870717200
0.800177100
0.789223900
0.794641200
0.812974200
0.790799000
0.822087200
0.810536300
0.798424700
0.795432000
0.790355900
0.792695400
0.786378700
0.790216000
0.794689300
0.810740800
0.795155900
0.779815200
0.783150300
0.797708500
0.779984200
0.799542100
0.782676200
0.789359600
0.775207000
0.800631300
0.790927500
0.770010900
0.774196300
0.809695200
0.794176300
0.791972000
0.783238900
0.780459200
0.779206400
0.778142800
0.772187500
0.793890300
0.876671500
0.814089100
0.785878800
0.776784000
0.800604500
0.789979200
