0.204358468
0.204160842
0.203481778
0.203888055
0.203046098
0.204466721
0.203050336
0.204906372
0.203361698
0.202794430
0.205142370
0.203751229
0.204104201
0.202941679
0.205004924
0.204961390
0.203317546
0.203860317
0.203605403
0.204688061
0.203246841
0.204842118
0.203350879
0.203094430
0.203170825
0.204376188
0.203172418
0.205236124
0.203439289
0.203109945
0.203576292
0.202874457
0.203289117
0.203238008
0.202774938
0.204536978
0.202912419
0.212294066
0.203548648
0.204397433
0.203542632
0.205166413
0.204266039
0.203085963
0.204750199
0.203945037
0.203223285
0.203758833
0.203444335
0.204512255
0.203080023
0.203521041
0.204133857
0.203410610
0.204634259
0.204221026
0.202810896
0.203469963
0.204184363
0.203364082
0.205903851
0.203893188
0.203392857
0.203093498
0.204550458
0.205271585
0.203841512
0.204738239
0.203187267
0.206429590
0.204345405
0.203790151
0.203183350
0.203587186
0.204793876
0.203260625
0.203083229
0.203076837
0.203372107
0.204264436
0.203294692
0.203721551
0.203400480
0.203971055
0.205023251
0.203718484
0.204765942
0.203951674
0.203226192
0.204210767
0.202883286
0.209791952
0.203393747
0.203521289
0.203996468
0.204019462
0.202826637
0.202955283
0.203081844
0.204206769
