0.248711528
0.247672695
0.247907490
0.247901559
0.249789928
0.247742307
0.247908171
0.247845261
0.248839292
0.247669708
0.247743790
0.247772213
0.248721006
0.249333763
0.248084261
0.248190699
0.249392618
0.249351044
0.247596600
0.247448908
0.247492552
0.248577004
0.247492691
0.247493737
0.247439883
0.248275271
0.247561755
0.247636297
0.247499886
0.249984292
0.247674899
0.247738181
0.248333071
0.249441239
0.247585811
0.247556915
0.247477914
0.248562638
0.247508022
0.254380261
0.247536376
0.248621239
0.248435463
0.248955479
0.247450332
0.249058535
0.249312789
0.247477725
0.247676893
0.249608121
0.248287164
0.248368227
0.250066177
0.249256745
0.247887638
0.248585730
0.247985701
0.249772096
0.248553019
0.248108403
0.248510748
0.249858655
0.247527479
0.247424584
0.247507131
0.247610729
0.249050039
0.248154381
0.248445996
0.248179694
0.249780067
0.248090771
0.249557869
0.248530425
0.249134479
0.247543210
0.250377437
0.247768037
0.249288797
0.249862508
0.248626779
0.247757246
0.248897530
0.247708043
0.247611070
0.249447764
0.250931234
0.247454561
0.247741610
0.247767198
0.248881618
0.247744891
0.247713236
0.247774764
0.248603334
0.247628326
0.247694240
0.247778751
0.248526497
0.256836016
