0.206394827
0.204807480
0.205110183
0.205398242
0.206771326
0.204571781
0.206097266
0.204626895
0.205347406
0.208640551
0.204828007
0.205032417
0.204541053
0.204796267
0.206621438
0.204460409
0.204736425
0.204971391
0.204569717
0.205756819
0.204676821
0.204646441
0.205126932
0.204860070
0.205688078
0.204655661
0.212270209
0.204638418
0.206264875
0.204458175
0.204838163
0.204497551
0.204459237
0.205859926
0.204647556
0.205878128
0.206262028
0.204792286
0.206162414
0.204451317
0.204371425
0.204313855
0.206886631
0.212022096
0.205038147
0.204384018
0.204379079
0.204432200
0.207025284
0.205183750
0.204951797
0.204503576
0.204997265
0.205654443
0.204545356
0.204985511
0.204522362
0.204536619
0.206109137
0.204537711
0.206108817
0.205917243
0.204676063
0.207057310
0.205562540
0.206037411
0.204419898
0.204518495
0.205639339
0.204429717
0.204331629
0.204342330
0.205074406
0.206059212
0.204748475
0.205287460
0.204523711
0.204531757
0.206658776
0.205249732
0.205110637
0.204710388
0.205132699
0.206096141
0.204629462
0.204492965
0.204459089
0.204545694
0.205494669
0.204606649
0.204566203
0.204442288
0.204472515
0.206149092
0.204417210
0.204381322
0.204377864
0.206167416
0.206339765
0.215335708
