0.342587800
0.338295100
0.345861800
0.342766900
0.343897700
0.343797800
0.343538000
0.342419500
0.343149300
0.342011400
0.342124300
0.343394400
0.344427700
0.342477000
0.343314300
0.342430700
0.342523500
0.342306200
0.343185500
0.342680500
0.344604000
0.342591400
0.342797400
0.344337900
0.342304300
0.342056200
0.343412600
0.343112700
0.343388200
0.344355800
0.343258500
0.344239300
0.344739700
0.342929000
0.342727300
0.344204600
0.343598300
0.343826400
0.342554200
0.343893100
0.344670400
0.342226700
0.343184100
0.343098000
0.342874100
0.343090300
0.344595300
0.343839900
0.342889200
0.343535600
0.341984800
0.342200600
0.342489600
0.342779900
0.343865000
0.343703100
0.346695400
0.344302300
0.342702500
0.344041800
0.343380900
0.345635700
0.341790800
0.342191600
0.344012100
0.342005500
0.342311600
0.344269200
0.343798300
0.341776700
0.343050900
0.343000700
0.342713600
0.343718800
0.343728900
0.343745500
0.344014800
0.342708100
0.342898000
0.343858400
0.343291600
0.342914100
0.345534700
0.342951500
0.345269500
0.343491300
0.343602700
0.341923800
0.343974900
0.342785600
0.341577200
0.343512300
0.342741300
0.343336300
0.344292400
0.343049600
0.344675100
0.343459500
0.343433600
0.343350200
