0.341485200
0.340857300
0.345324600
0.339990100
0.342479100
0.344247800
0.345658700
0.341466800
0.342685300
0.343136800
0.343875100
0.344045300
0.342496100
0.344149600
0.343058900
0.341334100
0.345062800
0.343363100
0.342471500
0.341560300
0.344706800
0.342781100
0.341656400
0.344693000
0.343098800
0.342764500
0.341318700
0.341755500
0.342585400
0.341394000
0.341715000
0.341540700
0.342195800
0.344664500
0.341711400
0.341496700
0.341405300
0.342661100
0.341350400
0.341441400
0.341122800
0.342016400
0.341911300
0.343415700
0.344158600
0.341573600
0.342734800
0.341818700
0.344860100
0.342964700
0.341468400
0.340436700
0.341956100
0.341532700
0.341294000
0.342016500
0.341690300
0.340953700
0.342954300
0.342576800
0.342040600
0.344313800
0.341605000
0.341386800
0.341351500
0.341557600
0.340944100
0.343892900
0.340331400
0.342232700
0.340936900
0.342103000
0.343151200
0.344243700
0.343863200
0.341321400
0.343415800
0.341227200
0.341240000
0.343808700
0.341484400
0.343617200
0.344415300
0.341727700
0.344850200
0.343731300
0.346827600
0.342351400
0.344315600
0.345944400
0.341602100
0.342215200
0.342189800
0.342468700
0.343182800
0.342016700
0.343571300
0.345346700
0.341724600
0.342096000
