0.361189900
0.357810800
0.362322500
0.366854900
0.364415000
0.358752500
0.363128100
0.361446400
0.361891200
0.359504700
0.363663200
0.358973600
0.360604300
0.361277200
0.360589100
0.360557600
0.361292400
0.362481100
0.360025900
0.360034500
0.359902700
0.361491900
0.365179600
0.360493400
0.359407100
0.360719800
0.360592300
0.359839600
0.366894000
0.360170300
0.360039500
0.359076000
0.361326400
0.359361600
0.360814600
0.360144900
0.358905300
0.358427200
0.360307100
0.359723400
0.362735400
0.358677600
0.358442800
0.360963300
0.359018800
0.358932600
0.361703500
0.359892300
0.359086300
0.360770800
0.359586000
0.358338800
0.360577100
0.359594300
0.361842900
0.358559300
0.358443000
0.360267400
0.359586500
0.361587800
0.360911500
0.360136300
0.362091600
0.361241500
0.361052300
0.359440000
0.360661400
0.360659500
0.360124900
0.361430200
0.359295200
0.360715000
0.358842400
0.358603800
0.361905200
0.360595900
0.359691600
0.362787500
0.358931000
0.359939100
0.359477300
0.361256700
0.359494400
0.360159100
0.359608600
0.362242500
0.361927700
0.359446600
0.361590000
0.358552200
0.359668600
0.359710500
0.359273300
0.358981800
0.361921700
0.359733600
0.359154600
0.360814600
0.360827100
0.361162600
