11.220952700
11.361458400
11.225243800
11.201343400
11.205542300
11.205105000
11.240197800
11.317338400
11.204183800
11.255001400
11.254078500
11.217209000
11.223081400
11.153313900
11.190305600
11.195554100
11.257556200
11.246878600
11.268686300
11.262902800
11.222659400
11.252751500
11.405366300
11.299658400
11.256259300
11.362235900
11.642183800
11.706618400
11.688494800
11.703974100
11.659107400
11.694544400
11.794123200
11.705571500
11.752363200
11.632926800
11.690361300
11.664625100
11.701242400
11.659105200
11.645323600
11.732753200
11.718747000
11.694249000
11.660393500
11.638467700
11.683870900
11.644924900
11.819373500
11.588952100
11.558435200
11.369789800
11.225236600
11.265379600
11.217350300
11.209726100
11.221051500
11.249085300
11.228433200
11.259797200
11.223634700
11.256021400
11.297947800
11.304480200
11.363051500
11.374505500
11.216307900
11.282210200
11.256917100
11.209659000
11.362197800
11.275604200
11.261636000
11.242961200
11.246905700
11.268543300
11.211894800
11.203842100
11.287797900
11.247053500
11.204025100
11.268368300
11.236910600
11.213804700
11.208683300
11.245902400
11.217878800
11.250369900
11.192375300
11.232087000
11.193870600
11.267023000
11.218322700
11.171814800
11.224556800
11.208460600
11.259302900
11.256160200
11.223842000
11.217314500
