3.600733000
3.618830600
3.594003500
3.604030200
3.605379800
3.613457400
3.612029400
3.606345200
3.586956700
3.587900000
3.604486500
3.623205700
3.581324900
3.636400900
3.568325600
3.574918800
3.597907900
3.615578600
3.586979500
3.574797300
3.589917900
3.586765100
3.597480200
3.597113900
3.589115100
3.591448900
3.573612800
3.584598300
3.618004600
3.612811600
3.593367400
3.586814300
3.670999400
3.608789300
3.606882900
3.619976700
3.576458700
3.596365900
3.591016000
3.583256900
3.628784900
3.626838400
3.612613600
3.615721400
3.626926500
3.635139000
3.645769500
3.592907400
3.599406400
3.586598500
3.580610900
3.599061200
3.583878300
3.663860200
3.625967700
3.589489900
3.619222100
3.579768200
3.587309200
3.584717300
3.590355500
3.581524600
3.621931600
3.607979500
3.622796700
3.593597700
3.613202300
3.580979400
3.608286500
3.581906700
3.591811500
3.571555000
3.599380100
3.641349000
3.628797900
3.585984100
3.574258500
3.597870500
3.592132400
3.570672000
3.648052400
3.603222800
3.645136700
3.669429500
3.661285800
3.712643000
3.680658400
3.703070000
3.658594100
3.659812000
3.672520400
3.667111700
3.665346100
3.674662000
3.652912100
3.677646700
3.690364300
3.695086200
3.713205100
3.675037200
