3.740992900
3.715857300
3.709651600
3.762455100
3.718854800
3.711170200
3.701898000
3.690291300
3.718095200
3.694321600
3.696047100
3.713821300
3.706524300
3.723769800
3.706283000
3.694745200
3.706594200
3.736070200
3.699631600
3.716980200
3.743305700
3.744614000
3.739950100
3.737076800
3.696253100
3.747335100
3.747463900
3.732461400
3.703906700
3.758078900
3.703621400
3.689854300
3.715437100
3.700978600
3.705446000
3.710583300
3.756045200
3.713621000
3.761025100
3.712849300
3.723418800
3.760031300
3.720294000
3.743116000
3.733991000
3.740620700
3.710194000
3.715454500
3.752631900
3.715236600
3.728626000
3.723636800
3.750983100
3.713256900
3.725709200
3.733829500
3.710052300
3.716470700
3.756473200
3.710335300
3.724372100
3.734104200
3.739579300
3.746353700
3.710484500
3.763305200
3.734587400
3.734535700
3.719898200
3.745167800
3.714010800
3.690255400
3.729687800
3.805781700
3.713190400
3.714783400
3.721143600
3.718232300
3.764105600
3.824085900
3.959959400
3.962955300
3.969028800
3.987725400
3.967792200
3.967594600
3.964702100
3.960597100
3.950107900
4.009408500
3.971418600
3.974189200
3.952975600
3.983787200
3.971597300
3.965711900
3.970406700
3.977537700
3.988471800
3.973329000
