0.078682948
0.078243718
0.076723143
0.087051936
0.094092715
0.081800373
0.081939743
0.081254671
0.077406784
0.079321296
0.080089917
0.079396173
0.080531628
0.078903763
0.079872088
0.079671292
0.078955121
0.079166067
0.080480670
0.079797361
0.079129928
0.076187645
0.085337302
0.080537808
0.077358139
0.079165385
0.085462259
0.079327433
0.079410276
0.074438044
0.077896683
0.078486139
0.078199504
0.080585715
0.078781265
0.079871472
0.077099443
0.076044003
0.076222336
0.077951118
0.078951404
0.078236423
0.078928751
0.079163157
0.079476142
0.078820860
0.077758798
0.079361122
0.076935938
0.077903622
0.077403681
0.077642044
0.080341696
0.076358078
0.080361009
0.079643700
0.080202458
0.077819061
0.078537297
0.077708066
0.076973685
0.077943799
0.079675195
0.076967131
0.084342667
0.090793238
0.087688057
0.084522905
0.082380937
0.077762354
0.078758497
0.079527102
0.077073264
0.079345604
0.079109914
0.077952225
0.080147849
0.079050862
0.078277102
0.078077273
0.079941515
0.079001709
0.078141495
0.078361468
0.078287041
0.078186135
0.079498755
0.077971114
0.078211478
0.077039008
0.078340703
0.079703494
0.077879237
0.077837115
0.079564424
0.077845416
0.076529550
0.080658069
0.079223481
0.079817304
