0.073802667
0.071609748
0.072210090
0.075938983
0.076071344
0.072589446
0.075303143
0.074939694
0.074813357
0.070471650
0.072449976
0.073471497
0.072263361
0.070697184
0.072960807
0.071813176
0.073591790
0.073946456
0.072963201
0.070928143
0.070971045
0.073373600
0.074156865
0.071299008
0.073345066
0.073157842
0.073038419
0.071440333
0.073926281
0.072469873
0.072899942
0.073829617
0.072729888
0.072298629
0.076016344
0.073357822
0.072150110
0.070575161
0.072111352
0.072966787
0.072987267
0.074567867
0.076569796
0.073757451
0.073015024
0.073420912
0.071657438
0.072189566
0.074390525
0.074237713
0.070726159
0.071062754
0.072058426
0.071855471
0.071135451
0.074514897
0.073115230
0.072450120
0.070768360
0.072684481
0.072859093
0.072252932
0.073259124
0.073836542
0.073253793
0.070286874
0.073038439
0.075446491
0.073063888
0.072308336
0.074647328
0.071704915
0.071449093
0.073016653
0.072191779
0.071787140
0.071901755
0.073595482
0.070770237
0.070823710
0.074116547
0.073110822
0.071693402
0.074230600
0.074553003
0.072672107
0.072076172
0.071123694
0.071283533
0.072935469
0.074364474
0.073247552
0.071875659
0.073296755
0.072975445
0.072506773
0.073934423
0.074563112
0.075581197
0.073016362
