0.073092928
0.074534980
0.074071338
0.073493425
0.075185251
0.074026413
0.074060833
0.073280901
0.074465954
0.072820110
0.073588221
0.076675608
0.074296437
0.073985806
0.073897828
0.073526252
0.074096205
0.073447402
0.074363433
0.074677961
0.074444487
0.074144137
0.072838230
0.073362034
0.072728896
0.072145788
0.073747488
0.075924065
0.078146154
0.073965152
0.073583605
0.073961574
0.075427377
0.073871784
0.074313247
0.074749091
0.074279514
0.080558259
0.090096650
0.073659481
0.081388511
0.074308850
0.074418361
0.074109830
0.076111514
0.073554626
0.073668847
0.074568877
0.076126157
0.072791915
0.073867981
0.075550694
0.074785449
0.076613675
0.073608502
0.072943242
0.071903902
0.073198974
0.074760588
0.073247707
0.072911979
0.074420571
0.073524332
0.073618976
0.074535474
0.074274519
0.073795874
0.073195005
0.072810876
0.072945883
0.072189214
0.074877640
0.075389844
0.074447116
0.073888940
0.074877284
0.074160131
0.073705451
0.075329073
0.073075354
0.074540815
0.073915210
0.073447757
0.072509994
0.073632243
0.076070682
0.076199843
0.073808822
0.075832400
0.075142749
0.074063983
0.075279875
0.074642211
0.073684698
0.074391165
0.092137635
0.077956116
0.076086352
0.074371057
0.074329182
