1.058196800
1.053014100
1.060016200
1.039843600
1.048789000
1.029866200
1.049019800
1.054203200
1.040061500
1.043371000
1.032266800
1.031478400
1.033445500
1.050477800
1.039289300
1.046236200
1.042382600
1.037146500
1.048836400
1.041021600
1.041992400
1.046416000
1.045309900
1.047187900
1.041752900
1.071709800
1.041055100
1.041473700
1.043999000
1.033417300
1.032300300
1.034795300
1.093744200
1.609144700
1.318338600
1.281344500
1.122429800
1.065997000
1.092697200
1.028792100
1.046461600
1.041273800
1.044176000
1.039071400
1.040946300
1.042474200
1.039496900
1.045659100
1.027962200
1.039794900
1.031600300
1.038337900
1.038303100
1.028639300
1.036167700
1.035248500
1.043174900
1.023896200
1.085768500
1.065798100
1.073810100
1.075596900
1.102280700
1.123335400
1.087354100
1.078172400
1.087813600
1.101203500
1.087942900
1.083416800
1.094520100
1.062498800
1.080056200
1.077631800
1.065651700
1.069568400
1.091660800
1.106451800
1.112447400
1.087833500
1.116592400
1.061388400
1.055974600
1.056620000
1.074042200
1.088982100
1.080928000
1.062916100
1.071549500
1.077341500
1.078923800
1.084308100
1.057851300
1.093904000
1.074524300
1.060835500
1.083286100
1.113163500
1.077588300
1.065286200
