0.581791300
0.586053700
0.642489700
0.570334200
0.595010000
0.596137300
0.607818300
0.587883000
0.575639200
0.589868900
0.584430500
0.599898400
0.595876700
0.575464300
0.592089200
0.603987800
0.587781200
0.586505200
0.583122000
0.580500500
0.573642500
0.583976300
0.592642400
0.578036100
0.588275700
0.593422000
0.608759700
0.600946600
0.603596900
0.598237700
0.586183600
0.593533800
0.593511200
0.598875200
0.591430500
0.596142200
0.614462600
0.612620900
0.609699600
0.585414800
0.592811300
0.579594400
0.595320400
0.595369500
0.595360600
0.617788200
0.579104900
0.608416100
0.598936000
0.583705300
0.587738200
0.611475500
0.583429500
0.595265400
0.584865000
0.576237200
0.608314300
0.595775200
0.605608700
0.595692700
0.591898100
0.599643300
0.591949700
0.587272000
0.592855200
0.595308400
0.592824100
0.607370200
0.611283300
0.596719800
0.601290200
0.579203700
0.593243000
0.591750600
0.596207700
0.583669200
0.595297000
0.605795400
0.591503900
0.592275800
0.606188700
0.585961300
0.597133900
0.593197800
0.593760700
0.604836000
0.598629400
0.591991800
0.603242200
0.595181700
0.574640600
0.586665500
0.587213700
0.602954200
0.610166900
0.592780200
0.593207200
0.589932400
0.599245000
0.591624100
