0.655984400
0.652190400
0.649130600
0.653437500
0.663482200
0.639657100
0.651064700
0.661068800
0.660495000
0.656284500
0.644714800
0.645797800
0.651070600
0.652041600
0.646012200
0.651060400
0.654388300
0.650244900
0.652465500
0.652235300
0.645768700
0.653302700
0.652645100
0.651922800
0.652475800
0.661574200
0.643805700
0.649054900
0.655443000
0.636277100
0.660869500
0.657946100
0.646880100
0.649150900
0.666447900
0.653023300
0.653750800
0.651303100
0.652717400
0.653969800
0.650146700
0.653880800
0.650894000
0.646822200
0.651831500
0.651466500
0.653958200
0.653004800
0.667792400
0.670919500
0.660096400
0.651816000
0.652548600
0.653106100
0.651151700
0.652256400
0.651919600
0.651767100
0.653194000
0.652384600
0.651133300
0.652963600
0.653902100
0.651765500
0.653149500
0.654286100
0.655019100
0.652615300
0.650978600
0.652470400
0.654512500
0.650918500
0.651428000
0.648186800
0.654983900
0.651205800
0.659830900
0.652808700
0.662685400
0.657923300
0.652488100
0.653163100
0.651986000
0.654716000
0.652234000
0.650975600
0.653116800
0.666582200
0.666210900
0.653280500
0.654795800
0.651477000
0.651778600
0.654497300
0.655573100
0.642936000
0.659853600
0.664807700
0.664721000
0.667585100
