7.275545078
7.282417930
7.274437991
7.292555305
7.271895422
7.270392094
7.300118251
7.279282420
7.297018580
7.272633778
7.295689097
7.290362762
7.314844905
7.294423410
7.294481354
7.283543156
7.284331733
7.298084883
7.278117556
7.275250478
7.297454758
7.264382350
7.292921478
7.289255831
7.279693257
7.296655460
7.302824253
7.311116685
7.280986010
7.274118675
7.269850478
7.292413308
7.278933994
7.303785367
7.278383779
7.502514511
7.346981276
7.355020417
7.348592690
7.427375422
7.405351828
7.410657583
7.350102489
7.285627301
7.600500775
7.306035838
7.294686449
7.294273570
7.293013079
7.276070497
7.286093990
7.304358766
7.300452864
7.282574927
7.295842681
7.298008235
7.298838401
7.284763531
7.286862149
7.294433221
7.299114466
7.286970387
7.289614905
7.265263556
7.309714016
7.306010956
7.296839252
7.309469251
7.326961009
7.296423768
7.290676549
7.303998590
7.289112145
7.285136874
7.276960226
7.297882211
7.293646553
7.365327434
7.295266200
7.293646420
7.278261705
7.267917005
7.278301131
7.296236278
7.277141121
7.283096027
7.294516186
7.283756730
7.295735672
7.297705051
7.272744190
7.270431043
7.286472448
7.312961392
7.292282023
7.275850489
7.319800043
7.268327527
7.266569669
7.270233136
