7.260723360
7.233716456
7.287683951
7.266256755
7.273132537
7.259762996
7.268610612
7.248183478
7.256976722
7.243043878
7.279117053
7.265744795
7.261078698
7.263263940
7.291606607
7.274985334
7.264389585
7.250540844
7.245116907
7.270444691
7.256408644
7.253584643
7.259104732
7.278302238
7.253540781
7.263005801
7.274469082
7.258865851
7.267141792
7.251427968
7.250440340
7.270034812
7.259575961
7.282469365
7.258996108
7.279632765
7.273101665
7.264785468
7.278534072
7.269797199
7.242569883
7.259298747
7.273356187
7.253801628
7.270066697
7.281998673
7.271578679
7.278350393
7.261942100
7.266168019
7.260641023
7.247327313
7.232280959
7.257012022
7.278984147
7.273011681
7.279778100
7.247061578
7.272249177
7.273835127
7.251789015
7.257895077
7.260703104
7.270311118
7.256815994
7.270844497
7.270178087
7.258219501
7.271429269
7.270649013
7.257379411
7.257236611
7.283596049
7.261355146
7.247495698
7.252139852
7.250674281
7.271001580
7.252374431
7.321982843
7.243129751
7.267918433
7.253107309
7.257746293
7.240145140
7.270063653
7.262709152
7.265834379
7.243979684
7.326293482
7.259885595
7.246611026
7.251168636
7.257364983
7.272790784
7.270881923
7.251271224
7.278606088
7.250192208
7.276084731
