9.333705148
8.272855601
8.271251529
8.306853887
8.244020940
8.191918823
8.206482789
8.177065593
8.171986975
8.162591315
8.154789412
8.205338113
8.154746386
8.171029050
8.162341049
8.144177331
8.138516929
8.125957024
8.207679942
8.150638263
8.127422527
8.135071121
8.136492973
8.114304216
8.230723317
8.171601634
8.141525552
8.129633414
8.240701754
8.126978765
8.127364089
8.111513916
7.851602145
7.415387823
7.377080404
7.379536278
7.354331123
7.353074841
7.351510743
7.376703528
7.340203513
7.373163956
7.359659527
7.344920295
7.386481100
7.331415726
7.341638805
7.336343653
7.361868590
7.385997426
7.349070642
7.380664820
7.349986769
7.365763257
7.355441521
7.339209507
7.363697162
7.398112877
7.481469865
7.376062657
7.328988041
7.366427450
7.364916149
7.387773411
7.352290631
7.390994089
7.364880892
7.364766028
7.362291634
7.370255481
7.357147674
7.356108414
7.380719119
7.355877918
7.359464567
7.331681423
7.362551036
7.349998118
7.373724387
7.345720342
7.354501482
7.364955230
7.348717689
7.360540576
7.334700155
7.345680123
7.360212933
7.359267375
7.376144146
7.347175828
7.375971961
7.357283149
7.390623699
7.339327621
7.356873989
7.352680192
7.375661832
7.368066654
7.367393841
7.346136429
