0.072839110
0.075005183
0.096023802
0.128112834
0.082475971
0.078696083
0.080267925
0.083670246
0.091863966
0.079950682
0.079614544
0.075268437
0.076351607
0.078352424
0.076875557
0.076584490
0.077352159
0.078474004
0.077012422
0.074680900
0.074218156
0.076334389
0.079188548
0.076776483
0.074170906
0.075145107
0.074557953
0.074073726
0.076107422
0.075599868
0.075704055
0.073915070
0.077528011
0.076856196
0.073925130
0.074798148
0.077351031
0.076044157
0.072975785
0.074867946
0.072857705
0.073252336
0.073301132
0.072402445
0.073770315
0.071903467
0.073562325
0.073850887
0.074595645
0.078383773
0.074677410
0.077850369
0.073144390
0.075104431
0.074927837
0.077234602
0.075238104
0.074539613
0.073042380
0.073713046
0.074975331
0.075142904
0.072819697
0.071678668
0.072729905
0.070577524
0.074196594
0.073221651
0.072410560
0.072642774
0.074632640
0.073573040
0.073725619
0.075332911
0.075899602
0.074391752
0.072752791
0.075627235
0.074227083
0.072900801
0.073443568
0.076329892
0.074299149
0.073381822
0.073009975
0.072928233
0.072462313
0.072517984
0.073218174
0.072455205
0.072046236
0.073028283
0.071506811
0.072648837
0.073352075
0.075077351
0.072302754
0.071959182
0.073998534
0.073229756
