0.073231681
0.073090399
0.074906208
0.077320880
0.070949553
0.074210167
0.072871256
0.073689781
0.073469153
0.073666858
0.073945228
0.074110922
0.072179211
0.072470519
0.071609558
0.072819519
0.073404510
0.071878369
0.072533379
0.071925520
0.072065985
0.071021755
0.071168391
0.071911051
0.072917620
0.078308862
0.072544857
0.072272077
0.072304298
0.071445677
0.069822535
0.072123772
0.073859304
0.071309708
0.073383190
0.072500210
0.072326397
0.074597487
0.073658654
0.073568541
0.073986882
0.073060270
0.072506824
0.071693127
0.070912633
0.071683765
0.072454138
0.071064252
0.072868971
0.072069753
0.073897362
0.074854952
0.071842171
0.074627504
0.074024950
0.072049829
0.072704386
0.072809188
0.073068582
0.073640903
0.074504100
0.074085704
0.073103513
0.072085293
0.073818526
0.073113137
0.072725008
0.071698277
0.072976396
0.071064456
0.071518461
0.072028824
0.072316072
0.071306948
0.073861169
0.073197385
0.072914212
0.073218887
0.074061819
0.073055667
0.071520197
0.072515992
0.071998176
0.071066511
0.074338476
0.073001885
0.073495102
0.072702305
0.074334068
0.072190928
0.071072442
0.071903276
0.073362630
0.074966079
0.073317805
0.072833751
0.073276280
0.071909600
0.071616370
0.072269794
