0.073020271
0.075461219
0.075892539
0.074387243
0.074395157
0.074110813
0.074356098
0.071941758
0.072382348
0.073032953
0.071597025
0.071769827
0.073703629
0.071274371
0.072383514
0.071893693
0.071878699
0.073091664
0.072311468
0.074936983
0.072948273
0.072940362
0.071738908
0.074165923
0.071479680
0.078617154
0.071740135
0.073272339
0.072783641
0.072276420
0.073679182
0.073002345
0.074031616
0.073458864
0.072149113
0.072483565
0.072370974
0.072842782
0.074086998
0.074341164
0.073256520
0.073832883
0.072770595
0.071127581
0.074303208
0.073313548
0.073843203
0.073889271
0.073188770
0.073021641
0.072728476
0.073027673
0.071656968
0.072837017
0.072696454
0.073638726
0.073255436
0.071074300
0.072185283
0.073546329
0.072504976
0.073387237
0.072468882
0.071438543
0.071832526
0.072309904
0.072002214
0.071820064
0.072329908
0.073283409
0.075487124
0.072350976
0.074576920
0.073742061
0.074475316
0.074257711
0.071635509
0.072166496
0.074220547
0.075762571
0.072662240
0.074296073
0.070865910
0.072772889
0.072401994
0.071783370
0.072846138
0.073529448
0.072652304
0.072556558
0.073123286
0.071959032
0.071936611
0.073083078
0.072556509
0.072170028
0.074768834
0.072095041
0.072632082
0.071446668
