7.386640779
7.381899652
7.394741110
7.360915034
7.375079236
7.374797618
7.562917248
7.385281733
7.398212675
7.372961607
7.391483987
7.393012819
7.383844362
7.392505243
7.358778571
7.365608678
7.389494836
7.357583254
7.387853525
7.387605174
7.369533525
7.388009344
7.382482119
7.392016059
7.386908154
7.393688146
7.381031364
7.378988809
7.385676928
7.402517919
7.383675148
7.383449535
7.396355911
7.389848241
7.375047026
7.392411636
7.394598359
7.375886092
7.376461653
7.411678781
7.392108282
7.388295891
7.389071620
7.380768412
7.379712139
7.388962471
7.373970796
7.388467262
7.381331658
7.373440654
7.399323145
7.385001433
7.383515752
7.378727949
7.382332859
7.425715844
7.400895250
7.373964676
7.379246028
7.387208428
7.372945053
7.378559223
7.380562025
7.374143280
7.399602792
7.370632113
7.365202918
7.381761164
7.392470529
7.387099733
7.381072630
7.402391635
7.398550804
7.369294124
7.367375625
7.393724604
7.373614349
7.405703513
7.385436720
7.381439750
7.373977534
7.358011785
7.367639710
7.385642078
7.392956428
7.363385063
7.383968908
7.392902196
7.384971754
7.389983131
7.379312275
7.413054723
7.475549854
7.379896539
7.381645996
7.379765305
7.372442802
7.381336259
7.370748294
7.356093301
