7.253743403
7.265718925
7.269379447
7.277287469
7.281374020
7.253961566
7.263883466
7.284874531
7.248102643
7.262777250
7.273752512
7.275679702
7.287841536
7.305136016
7.277945863
7.392681491
7.303732194
7.287448867
7.272242495
7.263641111
7.320883934
7.260207458
7.256938751
7.266134704
7.260691684
7.261357188
7.271522551
7.260170506
7.296186605
7.276108234
7.249420982
7.257724680
7.273745304
7.248485845
7.253394567
7.261296827
7.261763320
7.273501369
7.272461177
7.258593022
7.268698910
7.273798797
7.262099124
7.263742648
7.253280581
7.286859694
7.278236330
7.254745595
7.271899172
7.254709436
7.261810624
7.259182762
7.268410712
7.261827338
7.272740449
7.252231828
7.291180457
7.243123503
7.273235068
7.267890038
7.275031998
7.273205408
7.244520299
7.246759881
7.266566992
7.245954237
7.306965317
7.252117282
7.260523102
7.282025603
7.272033021
7.272761225
7.248703436
7.331598225
7.271858924
7.282068092
7.255043376
7.253193310
7.275611052
7.265072139
7.260293457
7.295773759
7.275819448
7.253239041
7.252193984
7.278255883
7.279220133
7.268846382
7.268771666
7.276578217
7.247444062
7.260347841
7.270205557
7.267036576
7.241002904
7.282212647
7.236955315
7.278212440
7.269901581
7.251792182
