7.275475640
7.274092369
7.270848017
7.273638382
7.268718240
7.262230321
7.262517469
7.258789550
7.283584348
7.275272252
7.272971945
7.273009744
7.278138296
7.262957298
7.259587140
7.248788032
7.272618592
7.290804271
7.282489587
7.246496980
7.280403083
7.290126201
7.313778302
7.266877587
7.273526972
7.337101496
7.259826196
7.268964632
7.299199361
7.301026307
7.246401872
7.271095047
7.329472684
7.255471467
7.252154914
7.254029529
7.257981144
7.263992039
7.290624447
7.285080695
7.278602263
7.270527717
7.294315417
7.272367906
7.276602207
7.264544276
7.290931055
7.258827897
7.250199466
7.272807086
7.251378963
7.257121260
7.258092699
7.285538790
7.284171728
7.285747826
7.255544801
7.290431316
7.273058645
7.269613114
7.284492656
7.254793813
7.252099228
7.270911816
7.259914073
7.279957119
7.279019714
7.268842720
7.282702604
7.269027565
7.237433702
7.290334387
7.275943331
7.274951228
7.283678246
7.311587646
7.264596712
7.262237969
7.282389955
7.278278278
7.252233220
7.253839011
7.296318027
7.249690781
7.238774117
7.263807057
7.274411507
7.250266641
7.245882282
7.275845880
7.285254228
7.251768740
7.271316828
7.286576016
7.244518020
7.277536639
7.269555934
7.262823079
7.300776707
7.302382992
