2.066514171
2.061786975
2.065388306
2.071375986
2.063965773
2.063243039
2.066978222
2.064011402
2.070317010
2.066483416
2.065643715
2.060807160
2.071785903
2.067369241
2.059372830
2.065556785
2.061503499
2.066491864
2.063675375
2.063401990
2.065708734
2.066224260
2.069462798
2.074900948
2.066767861
2.068187394
2.061556436
2.067194091
2.064767182
2.064611804
2.063497763
2.073213937
2.061884399
2.062855117
2.060910851
2.061392167
2.062838466
2.065801732
2.063039927
2.061965956
2.062608646
2.069836134
2.063005114
2.062714665
2.075916817
2.061514811
2.064829964
2.063819851
2.066684661
2.061688159
2.062305538
2.070160862
2.062745237
2.064212367
2.064656542
2.066302317
2.062388898
2.067307857
2.061856763
2.060638567
2.064784895
2.068012471
2.059507610
2.064998795
2.066072168
2.065819026
2.062556291
2.060816008
2.062185533
2.062449494
2.072286779
2.072140720
2.065783865
2.068061596
2.059649278
2.062700307
2.062239727
2.060434796
2.064014435
2.066324691
2.064271968
2.073429209
2.065160945
2.064995500
2.062787779
2.067951583
2.066141284
2.065591394
2.062857347
2.062967485
2.068153844
2.063220641
2.064536095
2.061688171
2.066274229
2.060057333
2.060694263
2.066572047
2.060343076
2.074024918
