2.050319864
2.051625154
2.055448067
2.054894563
2.048909633
2.046367710
2.051524487
2.057285257
2.054641689
2.046445503
2.049417180
2.049782431
2.050536353
2.051404328
2.047893825
2.054609255
2.057771831
2.049694108
2.060651654
2.051220404
2.055070903
2.053667018
2.048129161
2.048526191
2.045932678
2.048084129
2.050307360
2.051809934
2.048548683
2.049487555
2.049939902
2.049126734
2.050164161
2.052081216
2.052902637
2.050345770
2.062185114
2.057330959
2.047911865
2.051274214
2.051574768
2.049571309
2.048921955
2.049010380
2.052609092
2.049449474
2.051904572
2.054564935
2.048954752
2.052207138
2.051239765
2.048447653
2.047782999
2.050551767
2.048527053
2.051056082
2.050575929
2.052488766
2.048420483
2.051046865
2.051168815
2.051578004
2.058745159
2.051960943
2.058944798
2.056961685
2.065835912
2.048999652
2.051190959
2.055985596
2.052352783
2.047159019
2.049179926
2.050756843
2.051943452
2.049953468
2.058181855
2.051795968
2.049574483
2.051569527
2.053371692
2.053208682
2.050938918
2.057281943
2.049937699
2.055048854
2.052017651
2.050172804
2.047254645
2.050149650
2.053135657
2.050531140
2.052441359
2.051848151
2.050068434
2.053642268
2.053873243
2.049869733
2.053280179
2.048680947
