2.593976380
2.583285456
2.584831909
2.585077444
2.593627943
2.602224116
2.585416119
2.589686724
2.582581197
2.591704056
2.582047433
2.596720902
2.587666503
2.583629870
2.585322541
2.583530386
2.584159006
2.581403147
2.585649338
2.585717218
2.591592479
2.586153580
2.584109118
2.588547625
2.586905932
2.586546923
2.595472228
2.580652404
2.585194363
2.584014888
2.591284698
2.588935200
2.587685704
2.583679966
2.586486537
2.590671139
2.582222381
2.584657847
2.581573659
2.583566144
2.586526723
2.583232628
2.583562211
2.581397631
2.585813980
2.586193926
2.589233653
2.580130661
2.581845781
2.586968246
2.579569493
2.578454288
2.580530245
2.583792331
2.583307324
2.596774857
2.583141766
2.583895200
2.583166941
2.587592886
2.584419909
2.582234249
2.582377231
2.583591933
2.585313509
2.586467914
2.583615337
2.584163913
2.584524247
2.582805047
2.594790311
2.580053037
2.585988000
2.582225309
2.582648342
2.583527207
2.585161560
2.584076823
2.583249269
2.595832123
2.581860448
2.583518910
2.585171597
2.584054252
2.593341247
2.590391709
2.592730439
2.588680092
2.588602873
2.582529650
2.586905271
2.578845911
2.595518234
2.588326253
2.584461970
2.589877963
2.588541487
2.583628671
2.581184244
2.582023973
