2.051646894
2.060606112
2.053003712
2.050055569
2.049846400
2.052057632
2.050574650
2.052551759
2.050447177
2.056150915
2.051626500
2.052876005
2.054643645
2.051887013
2.054615533
2.053875059
2.049519883
2.057723042
2.055472540
2.051745953
2.048945504
2.053202789
2.051349953
2.056659415
2.055482963
2.054909907
2.050787150
2.052052351
2.056717257
2.048263477
2.049207305
2.061466388
2.053708381
2.053418114
2.049817489
2.052794803
2.058275602
2.049225142
2.052807009
2.052930752
2.053575552
2.052575052
2.047992821
2.051251571
2.052583144
2.054407351
2.056584241
2.060061518
2.051456447
2.048469936
2.052840563
2.049482311
2.050846075
2.055109061
2.056970498
2.051325415
2.053507707
2.049813977
2.053410613
2.051245739
2.061509305
2.051016655
2.048869494
2.051289554
2.053115414
2.068561049
2.055078822
2.052461527
2.055291747
2.054346154
2.053617418
2.056835621
2.061804792
2.050630186
2.054934575
2.051216689
2.054048057
2.055822405
2.051224329
2.053754272
2.052132038
2.052870071
2.054821195
2.055424179
2.059458185
2.057718709
2.050857125
2.049001927
2.052197725
2.066362118
2.049747948
2.052709084
2.053110983
2.050824483
2.059446908
2.052511176
2.068263138
2.053925703
2.056391415
2.048942017
