2.715030194
2.708338375
2.704841423
2.715592380
2.713593099
2.711949297
2.717621161
2.714403699
2.718057161
2.709854722
2.710840951
2.716614915
2.716073677
2.706039886
2.711281612
2.706737222
2.714092848
2.717725608
2.709703818
2.711508331
2.715775307
2.707111741
2.721039782
2.715583168
2.708965750
2.711963393
2.712681845
2.709862967
2.713522774
2.710754895
2.718513914
2.706961620
2.715852197
2.712864384
2.712436460
2.725741011
2.713583669
2.711125468
2.707612821
2.708998083
2.705377500
2.707583135
2.706769644
2.704971210
2.723896274
2.706243455
2.708629894
2.707457415
2.710481222
2.708944650
2.717032274
2.710777747
2.707270608
2.715477813
2.712578337
2.708327525
2.709522289
2.718340353
2.720263015
2.712672357
2.709734739
2.707359189
2.711736493
2.709287570
2.718611276
2.712874242
2.715432006
2.705323909
2.708065691
2.709491415
2.706676398
2.709030875
2.710018762
2.711299601
2.712505804
2.712676051
2.707779667
2.714387659
3.095769987
2.752409949
2.731960042
2.709388789
2.708435326
2.712582935
2.710644201
2.711657509
2.710749013
2.709352863
2.722563328
2.719703213
2.713452297
2.718072662
2.719300796
2.728172581
2.713105909
2.711859259
2.709365697
2.712391568
2.722221326
2.724791963
