2.038539444
2.039066243
2.042230700
2.037429593
2.040048272
2.038158238
2.041104210
2.034648277
2.043298841
2.050499570
2.038827274
2.037844389
2.035189508
2.040853118
2.038470236
2.039646701
2.036178869
2.042626520
2.035009098
2.038690181
2.037028013
2.041683276
2.042946393
2.036058357
2.040910896
2.040018765
2.035117313
2.039340915
2.036635508
2.042251068
2.050419722
2.041616351
2.035882178
2.043942630
2.041261167
2.044331067
2.046927050
2.041874336
2.039135408
2.038969471
2.037212576
2.036773670
2.045109749
2.038048643
2.041885617
2.039666784
2.038656170
2.040599190
2.049100990
2.044348329
2.036100169
2.038546617
2.042304521
2.038645823
2.033036871
2.038866569
2.048275524
2.042446488
2.047517570
2.037545549
2.044384276
2.040370026
2.040918787
2.043884874
2.040938262
2.049943139
2.041667177
2.044485966
2.040979253
2.042824803
2.042764720
2.038267211
2.045636854
2.041160689
2.052100922
2.045456438
2.042025175
2.040638017
2.042030548
2.038476953
2.037820026
2.042834537
2.038866191
2.041051916
2.042711258
2.042715431
2.044559571
2.041253404
2.041172024
2.039871551
2.038140599
2.043270625
2.038658817
2.046955097
2.037615741
2.049553943
2.041036099
2.039962120
2.040103714
2.038334953
