0.114667300
0.082258200
0.137440200
0.116000300
0.195870600
0.043702100
0.069461500
0.049585300
0.042804300
0.045392900
0.079190200
0.046100700
0.129624000
0.122099400
0.054413000
0.064034700
0.074642700
0.080681200
0.040585700
0.071418900
0.054358700
0.049314000
0.131333400
0.094945300
0.062052600
0.121414500
0.075750100
0.137604800
0.065322300
0.058742600
0.089013000
0.052101300
0.047648000
0.125761700
0.132095900
0.152050800
0.192971700
0.150399700
0.142391500
0.152193400
0.185915200
0.046277300
0.041883500
0.044687000
0.044114900
0.054149900
0.063938100
0.051993900
0.045082800
0.039220700
0.178076900
0.067526900
0.084043400
0.047739800
0.052670500
0.063269900
0.138435800
0.064959100
0.059959100
0.052996900
0.059676700
0.067548900
0.087638100
0.051177600
0.046375700
0.054719200
0.078200800
0.083432800
0.183898200
2.659848800
4.065907100
0.462815200
0.044852300
0.172918600
0.134448700
0.073189400
0.043596200
0.041207100
0.173888300
0.072021000
0.058148000
0.097059900
0.073031800
0.061965100
0.042292200
0.042443700
0.044460300
0.049976400
0.082437900
0.038466800
0.052924300
0.052393200
0.041354100
0.042427200
0.051684600
0.043175900
0.045961000
0.064465700
0.062408400
0.081913800
