0.000260100
0.000250600
0.000250500
0.000250500
0.000250500
0.000250500
0.000250600
0.000250600
0.000257100
0.000250500
0.000259400
0.000250600
0.000250800
0.000250500
0.000250500
0.000250500
0.000254000
0.000250500
0.000250500
0.000250500
0.000253900
0.000250500
0.000250500
0.000250500
0.000257100
0.000250500
0.000250500
0.000250600
0.000250900
0.000250600
0.000250500
0.000250500
0.000253500
0.000250500
0.000250500
0.000250500
0.000253900
0.000250500
0.000250500
0.000250500
0.000254200
0.000250500
0.000250500
0.000250500
0.000250900
0.000250600
0.000250500
0.000252500
0.000254200
0.000250600
0.000250500
0.000250500
0.000250500
0.000250500
0.000252700
0.000250600
0.000253900
0.000250500
0.000250600
0.000250600
0.000250500
0.000253900
0.000250500
0.000250500
0.000254300
0.000250500
0.000250500
0.000250600
0.000254200
0.000255000
0.000250500
0.000250500
0.000250900
0.000257200
0.000250500
0.000250500
0.000257900
0.000250500
0.000250500
0.000250500
0.000250500
0.000250600
0.000250500
0.000250500
0.000254300
0.000250600
0.000250600
0.000250500
0.000250800
0.000250500
0.000250500
0.000253700
0.000250600
0.000250500
0.000250500
0.000250500
0.000254200
0.000250500
0.000250500
0.000254400
