0.365010200
0.360055800
0.364067800
0.359047200
0.358255000
0.359645700
0.360930000
0.358100700
0.358981700
0.359478900
0.358336900
0.359861000
0.358224000
0.358611700
0.359144500
0.358072900
0.358328000
0.360131000
0.359014000
0.358123700
0.359011500
0.358726700
0.359143700
0.358122200
0.359332400
0.360944700
0.360450000
0.357933500
0.360779200
0.358581600
0.357799200
0.362375100
0.358083700
0.361681400
0.360295400
0.357952400
0.358397600
0.360682100
0.359953000
0.357874200
0.360519500
0.358269500
0.365166100
0.358006800
0.359833600
0.358797300
0.359131400
0.357632100
0.359677100
0.358440600
0.358741300
0.358839400
0.358733000
0.358881800
0.359199300
0.358113800
0.360351200
0.358903600
0.358121500
0.359646600
0.358377900
0.358456500
0.359120000
0.358718100
0.364973800
0.359903300
0.358871500
0.360880700
0.359446000
0.358723400
0.361295200
0.361147600
0.358264100
0.360218100
0.361349400
0.359204800
0.359919100
0.359932200
0.358146200
0.358980000
0.357744900
0.358028400
0.359868000
0.359283100
0.359661800
0.360314100
0.358301900
0.361429200
0.358721800
0.360043000
0.359308200
0.358266000
0.358095600
0.359033100
0.358515800
0.358708700
0.359078000
0.358375800
0.362352900
0.360258200
