1.164371300
1.144376100
1.144280600
1.163766800
1.151461600
1.139287000
1.148294500
1.151587600
1.155180400
1.137020700
1.135468700
1.147322100
1.140944500
1.155690500
1.142989100
1.160375100
1.115219300
1.133421800
1.135327700
1.131808700
1.128772000
1.150975100
1.145046800
1.147374300
1.157021400
1.137497300
1.134767400
1.155754500
1.123905600
1.134293100
1.107147900
1.136016800
1.134252700
1.122706700
1.132341500
1.136701600
1.119167900
1.128766200
1.122541100
1.137209100
1.127624800
1.132101100
1.131121700
1.145245900
1.132152100
1.129013700
1.124618300
1.151397200
1.137063500
1.134995400
1.144016500
1.130712800
1.136174900
1.133824800
1.133104900
1.139644900
1.143867700
1.128514300
1.136911200
1.164121700
1.143945500
1.159408200
1.157260500
1.150035400
1.146321400
1.148845100
1.141969100
1.128511900
1.135078500
1.141696500
1.152024700
1.157462800
1.135761500
1.143819600
1.149317100
1.145841500
1.132774300
1.166212000
1.125998000
1.147714300
1.138987900
1.135734600
1.126088200
1.135853900
1.128134600
1.123933800
1.147555000
1.141913300
1.129818300
1.154505500
1.137398400
1.146219400
1.149977000
1.134416100
1.151605800
1.142791200
1.138299100
1.138700100
1.155933600
1.101011500
