0.373919700
0.370500900
0.372322800
0.368467300
0.372841200
0.372541500
0.369158700
0.373934200
0.372356500
0.373138500
0.369028800
0.370954300
0.371076600
0.367975900
0.372025800
0.373256500
0.370405500
0.368420000
0.369043900
0.367538700
0.370725700
0.383641800
0.368522100
0.367844200
0.366940600
0.371434100
0.369344100
0.371930400
0.372566800
0.396861800
0.369799400
0.371913200
0.366611900
0.372922200
0.377870200
0.369003500
0.369603500
0.367256900
0.370854300
0.367919400
0.372947300
0.367660200
0.370217300
0.367891400
0.373516800
0.373148300
0.373678200
0.369269600
0.392955700
0.370719400
0.372898400
0.366922500
0.373923700
0.372571400
0.366678200
0.369638700
0.371903500
0.366511200
0.369491900
0.391815500
0.372422900
0.369725000
0.366911800
0.369552900
0.372102300
0.369302800
0.372137500
0.371668400
0.369541500
0.377913500
0.369920500
0.369097800
0.373011400
0.373182000
0.369757200
0.371158600
0.366246900
0.373634700
0.391482400
0.370553800
0.371810400
0.369297300
0.369361600
0.377985500
0.388970400
0.370858000
0.369137400
0.366142200
0.371467900
0.368784700
0.366659900
0.374737200
0.369793100
0.367766400
0.369215700
0.420338600
0.371141700
0.369719300
0.372640800
0.368931200
