0.663469300
0.655371600
0.661920100
0.706718500
0.665030100
0.651513900
0.661751000
0.668617100
0.661558900
0.663515700
0.661637100
0.656795900
0.674529900
0.652969300
0.651965400
0.683650300
0.693543900
0.662718400
0.680949200
0.661557800
0.651037400
0.666088900
0.655238200
0.656550900
0.667856900
0.651730000
0.659976200
0.656994800
0.652838700
0.669263000
0.652999600
0.651951500
0.667790400
0.656894200
0.646091500
0.649887600
0.654563000
0.654104100
0.654622500
0.651499000
0.669922800
0.669464700
0.657428400
0.659046000
0.655597400
0.661596100
0.669152600
0.668512900
0.657266400
0.647274100
0.667083400
0.651975300
0.663814800
0.654381300
0.667688300
0.669802500
0.645930500
0.668267600
0.644011900
0.656912700
0.659389300
0.650003200
0.673002700
0.667761000
0.667629700
0.657031100
0.658179700
0.669269300
0.665330300
0.652610800
0.660843600
0.671128800
0.660612400
0.656997000
0.661733600
0.667667500
0.664341000
0.666902900
0.669745900
0.659573100
0.680246600
0.661634700
0.667230000
0.669750000
0.667443900
0.663805800
0.665296400
0.670518800
0.669748300
0.670484000
0.668288500
0.660867600
0.665520700
0.671494800
0.658330700
0.647304700
0.650183400
0.651903100
0.674380800
0.664419700
