1.142278800
1.142456500
1.144319700
1.148936100
1.135314400
1.144479500
1.142693200
1.148282700
1.158347900
1.158579200
1.152134300
1.143502700
1.141068400
1.147463500
1.154398300
1.154113100
1.144222700
1.146480000
1.132730900
1.142708200
1.147116100
1.166636500
1.190118900
1.150885400
1.123589600
1.150728500
1.149052000
1.137417400
1.135063400
1.138365000
1.168062300
1.163040200
1.151029000
1.146361600
1.150132300
1.176113600
1.162577700
1.166063400
1.148279200
1.153273000
1.148506200
1.134078600
1.148791700
1.138379000
1.168508400
1.135579100
1.171096900
1.153319200
1.173797300
1.176280100
1.157944400
1.144770800
1.157920700
1.174182500
1.136688400
1.136225600
1.140740200
1.133087100
1.149367100
1.164673100
1.146732200
1.187558100
1.153548500
1.129506900
1.153666900
1.176026300
1.169652900
1.121481600
1.160374800
1.163685500
1.162111600
1.145877000
1.131852000
1.162272900
1.182465000
1.142543300
1.137054000
1.145192700
1.155425400
1.166760300
1.186514000
1.158288500
1.185831000
1.163789800
1.173414100
1.160719200
1.156704000
1.158639800
1.189795500
1.158472600
1.158112500
1.173432400
1.178981400
1.160017300
1.146956800
1.169165000
1.122943700
1.130098600
1.149394500
1.171236700
