0.788643100
0.780669000
0.776945600
0.765142300
0.768067400
0.776641500
0.763058300
0.787918700
0.781993200
0.785160400
0.802185100
0.807717100
0.784680500
0.815758100
0.801682600
0.778956300
0.790352900
0.819896400
0.783096000
0.776785000
0.759129600
0.773171400
0.822644500
0.778770900
0.795537500
0.820913600
0.816449100
0.815299900
0.766042900
0.797537000
0.773376900
0.834169200
0.767525800
0.760497200
0.767341000
0.781492200
0.814737100
0.817928000
0.799914500
0.807664400
0.785045900
0.759586500
0.792872700
0.786121500
0.800005800
0.806417000
0.820928700
0.780577700
0.774939300
0.794173700
0.805005500
0.822287800
0.806540400
0.797581700
0.810335100
0.763760800
0.763301300
0.774788800
0.759788600
0.773322700
0.805055600
0.780077900
0.803932500
0.770751600
0.769639600
0.774382300
0.774141900
0.783880600
0.771884800
0.813679300
0.804544900
0.798669200
0.767429800
0.768077300
0.788240000
0.785446700
0.783429100
0.791303600
0.808594900
0.806588300
0.816317600
0.809911700
0.811317600
0.786935100
0.780146500
0.778280000
0.806355000
0.786302000
0.807032500
0.807161400
0.820369300
0.816507300
0.808762900
0.827765500
0.794744000
0.806592700
0.809700200
0.808934600
0.812742700
0.815761400
