3.714699900
3.802756400
3.830907700
3.836313900
3.837548300
3.854817700
3.842910800
3.845711200
3.831300000
3.851542700
3.857398800
3.824773600
3.845884200
3.815979300
3.857319000
3.878898900
3.845993000
3.855028900
3.823442700
3.840397200
3.854693800
3.824321500
3.850409100
3.878938200
3.842433200
3.828966800
3.832242300
3.868772900
3.836245000
3.825509200
3.867717500
3.850996800
3.878984000
3.851257500
3.854299100
3.823967200
3.851322700
3.855385700
3.888221300
3.839842900
3.855507500
3.827769300
3.848291700
3.843274800
3.809440100
3.857134300
3.856347100
3.820979000
3.839319000
3.830480100
3.815539400
3.855816300
3.844442300
3.827555000
3.820469400
3.871677900
3.842874900
3.845247900
3.862053600
3.865230600
3.820929800
3.847093800
3.823097700
3.833230400
3.856376800
3.829866000
3.816491600
3.857604800
3.829137200
3.867792800
3.823455500
3.883509100
3.863098300
3.809922200
3.829871000
3.853275000
3.814705000
3.922788800
3.915373100
3.931152700
3.949027500
3.928025200
3.901204800
3.943196200
3.958290100
3.929864800
3.943485000
3.973950700
3.930595500
3.903674000
3.917760900
3.918657700
3.925312100
3.966818100
3.943871800
3.917847500
3.915848900
3.923160000
3.941273800
3.953116100
