11.472173700
11.951479100
11.415993500
11.513180800
11.519020200
11.570879100
11.520992700
11.487524800
11.526339000
11.474073000
11.523326100
11.505824100
11.525436300
11.491397200
11.534625700
11.535740600
11.558243800
11.552187200
11.490466600
11.508834500
11.538910700
11.564080200
11.525473700
11.510158600
11.641625600
11.478119500
11.508145000
11.496901900
11.444553100
11.387882600
11.319406400
11.300724100
11.384921000
11.410460400
11.655840500
11.759061800
11.842110900
11.809395300
11.736426800
11.789886400
11.769883800
11.887378400
11.779009300
11.904164100
11.913429500
11.889061100
11.888143900
11.768440300
11.831041700
11.809283800
11.834539100
11.810198700
11.849239800
11.796502300
11.790209400
11.825737400
11.847200000
11.758238500
11.793413900
11.803278100
11.847132300
11.856601300
11.902339100
11.785294800
11.950216300
11.877331400
11.709699000
11.704560100
11.638064800
11.699859900
11.734508300
11.629197200
11.629965400
11.574299700
11.812612400
11.764140600
11.740833900
11.980927200
11.765219000
11.835188700
11.855850800
11.782667200
11.805722700
11.769392300
11.813466200
11.707178600
11.879030100
11.687953800
11.729562700
11.799877500
11.777022300
11.724330800
11.762367100
11.874842100
11.810578300
11.801993400
11.721183300
11.823729800
11.904081100
11.847433600
