3.555357600
3.564824000
3.563207200
3.556640600
3.556230100
3.554243000
3.555226900
3.554262300
3.552809100
3.552206800
3.556076800
3.554012800
3.561419400
3.553952300
3.553109000
3.555125600
3.555643300
3.557599300
3.555495500
3.556543500
3.556511700
3.559810600
3.560525400
3.563937000
3.555830000
3.558245800
3.551957200
3.557730200
3.556050700
3.558489300
3.553353500
3.556284300
3.552352300
3.552018100
3.549722000
3.553499800
3.551391200
3.553640100
3.558561100
3.553548500
3.551815600
3.555609300
3.555396700
3.555327300
3.555574100
3.549931700
3.563737700
3.554236100
3.555637500
3.554185800
3.557697300
3.555604500
3.553788700
3.555830700
3.559282800
3.556414000
3.552991100
3.562632200
3.559863200
3.563946600
3.552618000
3.556265300
3.559994800
3.562150900
3.553788700
3.555079500
3.559058900
3.553808600
3.554662200
3.554609300
3.557573300
3.562729200
3.561959600
3.551359500
3.556991200
3.564304200
3.556374300
3.561346600
3.556545300
3.555921500
3.565986200
3.568924500
3.560342400
3.590968600
3.602769100
3.601843500
3.610359700
3.605571900
3.602429700
3.603881200
3.603529400
3.613205700
3.626620800
3.632045700
3.670420400
3.606879100
3.619623000
3.608039900
3.605938400
3.610665100
