0.341913100
0.338490300
0.341965600
0.342286600
0.341996900
0.342821000
0.342258800
0.341827300
0.341748200
0.342807400
0.341078400
0.340911100
0.342730300
0.342237600
0.341117800
0.342056000
0.341005000
0.341122100
0.341780900
0.341077800
0.341191900
0.344502400
0.341306700
0.341603600
0.342063500
0.341210000
0.341808100
0.342888700
0.343177400
0.341749700
0.342634400
0.341412400
0.341773000
0.343269500
0.344035100
0.341272700
0.342927000
0.342150200
0.341401000
0.342183700
0.340960400
0.340972900
0.342987000
0.341537800
0.341177100
0.342390700
0.341074100
0.342247700
0.343174200
0.341071700
0.341525100
0.342243300
0.341738700
0.344610800
0.341161500
0.341632600
0.341912600
0.343015100
0.341219100
0.343595800
0.341825100
0.341584700
0.342400800
0.341605400
0.341584400
0.341941300
0.341193600
0.341095500
0.342398700
0.341729800
0.341323800
0.342536100
0.342173200
0.341636400
0.342080000
0.341241500
0.341205000
0.342210700
0.341379100
0.342194700
0.342489500
0.341229600
0.341659600
0.342817200
0.341831600
0.341210900
0.342622200
0.341752900
0.341135900
0.342465200
0.341187400
0.341787300
0.343282500
0.341721600
0.341757700
0.342294500
0.342143600
0.341814300
0.342138800
0.342469300
