0.343792300
0.337572600
0.344375000
0.343638500
0.343470000
0.345994600
0.343277800
0.343461300
0.344494100
0.343646600
0.343367500
0.344776700
0.343237800
0.343528700
0.344388500
0.343372800
0.343667100
0.346823700
0.343341200
0.344075800
0.345435600
0.343045500
0.343138200
0.344538400
0.343595900
0.345619100
0.343791200
0.344175400
0.345014900
0.343287300
0.343853300
0.344320600
0.343325800
0.343146100
0.345536900
0.343452800
0.343077400
0.344455000
0.343230600
0.343346900
0.344136700
0.343420800
0.344860000
0.344677200
0.343188900
0.343281800
0.344176700
0.343516000
0.343432400
0.344223700
0.343627100
0.343230100
0.344437200
0.343332800
0.343392200
0.344764800
0.346080400
0.342888900
0.347217400
0.345489800
0.346486300
0.344549900
0.343687500
0.343410500
0.344474800
0.343415300
0.343222100
0.344707700
0.343222300
0.343015900
0.344349000
0.343787500
0.343367600
0.344622600
0.343455600
0.343662700
0.344126200
0.343501000
0.345319800
0.343440500
0.344360900
0.345000600
0.343337100
0.344457700
0.345078200
0.343207500
0.343068300
0.344153400
0.343220000
0.343887100
0.344424700
0.343475700
0.344031900
0.349365500
0.343366600
0.343042300
0.344217500
0.344233100
0.344064100
0.344363000
