0.793021500
0.791647700
0.800529700
0.816584600
0.802945100
0.796240900
0.800189400
0.809425300
0.809173000
0.806738500
0.808558500
0.804284200
0.798369000
0.803473900
0.794000800
0.804127900
0.814697700
0.796308600
0.886275300
0.801024800
0.823789400
0.820896000
0.811691600
0.808169900
1.014175600
0.826262600
0.814266000
0.863216100
0.811412800
0.838745700
0.810340500
0.792118500
0.811339800
0.798095800
0.794795500
0.817872500
0.820356500
0.812056400
0.794653500
0.803680200
0.811315700
0.870647400
0.798659900
0.791829800
0.802176900
0.817037700
1.009545300
0.810193000
0.819239300
0.843155100
0.807515200
0.854346700
0.800315000
0.812948800
0.805483000
0.799117100
0.808198000
0.822743700
0.811536000
0.816487300
0.799233200
0.804037900
0.809177400
0.844279200
0.825839800
0.803551900
0.799341800
0.817330500
1.172450000
0.812788300
0.816825600
0.835952300
0.849360400
0.826225700
0.806160200
0.806551300
0.801531900
0.808394200
0.798434100
0.810038000
0.806854200
0.833073700
0.803775100
0.794337200
0.808965400
0.805520300
0.801879600
0.807330100
0.803657100
0.855671300
0.801252700
0.800093100
0.821854400
1.106003900
0.815754300
0.814836300
0.873012600
0.813043200
0.823490700
0.805010500
