0.025197900
0.025145100
0.026378000
0.026093000
0.025167300
0.025167900
0.025143600
0.025178400
0.025141100
0.025153300
0.025161100
0.025143500
0.025154800
0.025141000
0.025162700
0.025151500
0.025145200
0.025156600
0.025139000
0.025148400
0.025140900
0.025146200
0.025165400
0.025154600
0.025146000
0.025134600
0.025164400
0.025148200
0.025144700
0.025152600
0.025137900
0.025131400
0.025167300
0.025147400
0.025148000
0.025162200
0.025136500
0.025155400
0.025145400
0.025153100
0.025144100
0.025161700
0.025153400
0.025913800
0.025157200
0.025132800
0.025155300
0.025155900
0.025142200
0.025154200
0.025138700
0.025152100
0.025145800
0.025139200
0.025157300
0.025143400
0.026413700
0.025211900
0.025154400
0.025149100
0.025166000
0.025903600
0.025151200
0.025151100
0.025170100
0.025136800
0.025143200
0.025162000
0.025132200
0.025160400
0.025165300
0.025132300
0.025158200
0.025147600
0.025133400
0.025153800
0.025155800
0.025128700
0.025173600
0.025154100
0.025144900
0.025160000
0.025138000
0.025995100
0.025142500
0.025153700
0.025143700
0.025149700
0.025165400
0.025143300
0.025149000
0.025163300
0.025153000
0.025141700
0.025160100
0.025137600
0.025136400
0.025163900
0.025142700
0.025165000
