7.485170000
7.417421900
7.477705100
7.481264200
7.485060100
7.482388600
7.476133500
7.477762200
7.482375800
7.478035800
7.478178200
7.488190500
7.480724800
7.484461100
7.483572800
7.491714300
7.476467100
7.475135900
7.476353700
7.495945300
7.482554100
7.492959500
7.477928600
7.482226400
7.480576800
7.487018400
7.494647500
7.494489800
7.479028600
7.483469100
7.479259800
7.487765800
7.487662600
7.477513200
7.484600300
7.491439800
7.488486500
7.478302800
7.482829300
7.485004900
7.480618700
7.480636900
7.479085400
7.490548400
7.479065000
7.481203200
7.482024300
7.480818600
7.485287300
7.487890400
7.482066600
7.498735200
7.491819100
7.483357700
7.487781100
7.486531400
7.488722200
7.494146200
7.492374200
7.499448600
7.475410600
7.483178800
7.476088600
7.476000500
7.485294100
7.484647600
7.484725400
7.485879400
7.478716800
7.485440900
7.483867200
7.481835200
7.483007800
7.490284700
7.497843800
7.495143600
7.489823800
7.486513100
7.494807000
7.478856700
7.477927000
7.479301800
7.491931200
7.505444500
7.482318000
7.474057400
7.486454300
7.481275400
7.477238000
7.474168200
7.484438700
7.489398000
7.480054600
7.481816600
7.483765900
7.488303500
7.476655400
7.480001500
7.482979100
7.490941100
