0.744780585
0.734037510
0.738478936
0.735176419
0.725251593
0.731622770
0.735009316
0.737200693
0.740534515
0.739374809
0.735419826
0.725120896
0.738336095
0.738538114
0.735206362
0.729246202
0.739330087
0.734226805
0.736801601
0.731768459
0.738005478
0.740352340
0.736123146
0.730139929
0.733175633
0.730725114
0.743337639
0.745305993
0.736479949
0.731983521
0.725003502
0.732967340
0.735586048
0.734241492
0.735762744
0.732469758
0.735240692
0.734267608
0.730342490
0.734907598
0.734272170
0.732297587
0.731428254
0.744425830
0.727198139
0.730222317
0.741763535
0.733847979
0.742147411
0.731088091
0.739529617
0.738064066
0.733459022
0.732540437
0.734359579
0.735222223
0.730904547
0.741902857
0.730307271
0.728304105
0.734684853
0.739972690
0.734163868
0.733009900
0.739412275
0.738041279
0.739468059
0.733240373
0.727923151
0.733751940
0.731266276
0.735568368
0.733413652
0.744586973
0.737860249
0.735244433
0.739642538
0.735251817
0.732949086
0.731055110
0.733699026
0.737242508
0.733109171
0.744661294
0.740629131
0.735615210
0.737256169
0.733507242
0.738435240
0.738569776
0.734249108
0.739275808
0.733419925
0.730406878
0.733185217
0.740920723
0.737395922
0.733488932
0.736054146
0.738260092
