0.724564762
0.727347487
0.730250506
0.732449971
0.718742903
0.721184912
0.727936498
0.727562967
0.729826254
0.724727231
0.721348299
0.720373136
0.725825840
0.719655792
0.723248020
0.724349077
0.721800740
0.734807553
0.731889506
0.725232359
0.723588718
0.735845526
0.741657568
0.732948671
0.722870774
0.721317327
0.723491980
0.728061455
0.729585528
0.723207068
0.722828900
0.729404157
0.720749928
0.726573573
0.723319483
0.715934298
0.725119365
0.722201265
0.724834374
0.727318111
0.716470736
0.721036997
0.722414374
0.720097467
0.723395093
0.717260186
0.718444294
0.723905099
0.719144817
0.727815874
0.728347990
0.725592022
0.727050990
0.726840208
0.724475480
0.718619738
0.719391144
0.736503615
0.721981850
0.725254796
0.740031755
0.720513330
0.727613936
0.720329253
0.721403691
0.729096869
0.731443497
0.726264841
0.722098854
0.731274886
0.724515135
0.728919388
0.726513465
0.720915925
0.725678989
0.726715407
0.723973888
0.724428872
0.724973847
0.722196002
0.727453375
0.727682546
0.719586426
0.718259192
0.727524980
0.728822553
0.719473997
0.727603985
0.725543620
0.726409585
0.732358814
0.719083231
0.722998963
0.719323813
0.728410423
0.726057797
0.719952743
0.724086185
0.731215707
0.727420067
