0.732233401
0.725821623
0.728345832
0.730130562
0.724429130
0.726946250
0.727702399
0.730295776
0.729280121
0.729731245
0.729433618
0.732705727
0.726380251
0.724206337
0.722383222
0.724407236
0.725525254
0.730404083
0.726044092
0.729109908
0.728851096
0.735572002
0.729540322
0.726916799
0.723621547
0.730938820
0.728003300
0.727805810
0.725238534
0.732239933
0.727582385
0.734681455
0.735566462
0.725189430
0.730259673
0.727810553
0.733432644
0.724784983
0.727497778
0.725210101
0.724435477
0.727190500
0.720930751
0.725866127
0.724685924
0.729771927
0.730602817
0.737458624
0.726959528
0.731610347
0.728977212
0.730217665
0.716441899
0.728573610
0.730516833
0.729906268
0.731099596
0.727276184
0.725500398
0.730413051
0.728890401
0.727046913
0.724622093
0.724988785
0.726061119
0.732462938
0.727099614
0.736050804
0.725478464
0.727399836
0.728873632
0.733432333
0.729014775
0.733300266
0.727171887
0.726186304
0.717388211
0.736312814
0.724117823
0.730772663
0.729188208
0.732959022
0.727285135
0.727711699
0.726250167
0.722572812
0.722908995
0.730033678
0.728686335
0.724766013
0.728141843
0.730938375
0.730091566
0.732284737
0.722202223
0.726352583
0.724266171
0.731609600
0.729336836
0.730237757
