0.061011900
0.060523200
0.061306200
0.060152800
0.060569000
0.060357800
0.059569600
0.065097500
0.060054200
0.062505000
0.063487600
0.056838500
0.059371000
0.057681600
0.060007400
0.075420300
0.059609500
0.058322500
0.059655600
0.060945500
0.063117100
0.063225100
0.061313000
0.065181100
0.062386100
0.060307000
0.062310100
0.059086800
0.057704200
0.057032500
0.063454500
0.063112700
0.061301300
0.060226000
0.057310300
0.059124000
0.061077500
0.062822400
0.060235500
0.060553400
0.059277400
0.062205000
0.064571600
0.059388800
0.058859300
0.059046500
0.060132200
0.059591300
0.060758100
0.062549600
0.061931600
0.059466100
0.059452800
0.063892100
0.058952100
0.062282000
0.060258900
0.060016500
0.059224500
0.063943000
0.058059600
0.062258200
0.060650900
0.059262000
0.061484700
0.062552400
0.058723300
0.061077200
0.062896200
0.057266100
0.062673000
0.061500200
0.059934900
0.060829700
0.063206500
0.058366500
0.059444100
0.061375700
0.060887500
0.061312600
0.058276600
0.059709500
0.062731800
0.063364000
0.058007900
0.060775500
0.059522700
0.062846300
0.062035000
0.063132200
0.060231300
0.060352900
0.058489000
0.058884100
0.062397300
0.060264300
0.059443100
0.060186500
0.060838400
0.060156300
