0.061171700
0.062781000
0.062549100
0.064533300
0.066867700
0.061323500
0.062232700
0.063955300
0.063051500
0.066603700
0.062918100
0.065345500
0.061520400
0.064282400
0.072974200
0.061911400
0.063952400
0.060241300
0.063916800
0.068919000
0.062606000
0.063722100
0.062933600
0.065451600
0.062520000
0.066768500
0.064240800
0.063932800
0.066273500
0.063522300
0.065088000
0.063015700
0.064041600
0.064094500
0.060726700
0.062588800
0.062402000
0.062274900
0.061839900
0.061174400
0.061340800
0.062451800
0.063150700
0.061219500
0.060417600
0.060401300
0.060606600
0.061959500
0.061201100
0.061200500
0.062473900
0.063767200
0.063793700
0.059425700
0.059543100
0.063739800
0.061448800
0.059456000
0.059160900
0.062446500
0.060476600
0.059282000
0.063360800
0.063407000
0.064062400
0.064079600
0.063424200
0.063979500
0.063048400
0.060558700
0.060699900
0.062856200
0.059490700
0.060006100
0.062937600
0.060589300
0.059321300
0.059759700
0.063594900
0.059556100
0.062554200
0.062563500
0.062098800
0.060811900
0.062707000
0.065476200
0.062883300
0.062733000
0.062816500
0.061178400
0.062612600
0.061533200
0.065350100
0.061656600
0.065547600
0.062438900
0.060264900
0.062980400
0.069381400
0.065444000
