0.059665500
0.059875700
0.064953600
0.062265000
0.059818300
0.061110900
0.061089700
0.059708300
0.059652200
0.059291500
0.059488500
0.059308600
0.059860800
0.060964200
0.059555100
0.058284500
0.059727200
0.060122100
0.058954000
0.060198400
0.059231200
0.058158000
0.059581500
0.059401700
0.060559500
0.060130300
0.060548100
0.059267200
0.061174100
0.060386500
0.058574000
0.059122600
0.059306800
0.059426600
0.059810100
0.059656100
0.059821400
0.058296100
0.058232300
0.057734600
0.057662600
0.057702200
0.057747600
0.058480600
0.058547300
0.060266000
0.059812200
0.059828600
0.058304700
0.058563600
0.060911400
0.059221800
0.060075000
0.059521300
0.058847200
0.059736800
0.059685400
0.061496200
0.060037100
0.059788000
0.059793900
0.060004100
0.060481600
0.060600800
0.060751600
0.059888600
0.059838400
0.059337400
0.059595300
0.059621400
0.059399800
0.064559000
0.060702000
0.060015200
0.059788700
0.060390500
0.059305700
0.060229600
0.061143400
0.060163900
0.059616400
0.059747600
0.059770700
0.059862400
0.059881700
0.059666300
0.059348800
0.060587000
0.059145600
0.058790300
0.059799100
0.059796900
0.060295100
0.059432100
0.060392100
0.064328500
0.061092200
0.060312600
0.059886700
0.060816100
