3.482165800
3.364777800
3.800991100
3.479933400
3.485443000
4.019001600
3.550234000
3.492077000
3.486847100
3.504104200
3.685718400
3.790765900
3.536065000
3.475190700
3.551697600
3.547163700
3.854446300
3.524805100
3.484714500
3.527833600
3.513625100
3.456769300
3.463120900
3.471852400
3.466727500
3.452447500
3.450441500
3.474558900
3.478780200
3.438800000
3.439454200
3.442713400
3.438374100
3.440420200
3.453740200
3.680778000
3.542060500
3.475290900
3.478604200
3.491203000
3.441019800
3.432585900
3.437588100
3.436747000
3.440998300
3.446925100
3.436179200
3.444628000
3.430698300
3.433794400
3.432853400
3.461730600
3.440532300
3.438671500
3.437189900
3.445094500
3.464840200
3.438066800
3.435536500
3.443084500
3.433036200
3.444645000
3.717731100
3.442691300
3.436264300
3.429682200
3.435429800
3.431504900
3.430999000
3.430456200
3.439329900
3.431121000
3.430322800
3.427764700
3.433497200
3.427743700
3.429536600
3.434904500
3.430628700
3.433944600
3.437060500
3.429969500
3.436471100
3.430343600
3.430882700
3.429843000
3.429144300
3.430780600
3.427300600
3.428991200
3.431865200
3.430787500
3.428693100
3.433291700
3.431729400
3.430051300
3.431848500
3.430666300
3.433704400
3.428415800
