3.408222100
3.367239200
3.405107700
3.402891300
3.402789800
3.405587000
3.407061400
3.411752900
3.403465800
3.405994700
3.408544300
3.406319400
3.405729600
3.407221100
3.406530600
3.407363500
3.409127200
3.399981200
3.403069000
3.401258900
3.398635900
3.401482900
3.402449200
3.408339800
3.401545100
3.403303900
3.402953600
3.403869400
3.404525200
3.405011100
3.402371700
3.401463600
3.402344000
3.407879200
3.406047700
3.402650000
3.403895300
3.403039800
3.404037300
3.402451100
3.409328600
3.405169100
3.405136700
3.402450600
3.404738200
3.404295500
3.405567900
3.400734000
3.404385400
3.406723300
3.400403400
3.402514600
3.400665700
3.399435900
3.399574900
3.401298800
3.399804900
3.400915300
3.407975800
3.401921000
3.401416000
3.401894100
3.408118300
3.402445400
3.402156400
3.401195800
3.403211500
3.400633600
3.402350000
3.401332600
3.400525700
3.400434300
3.399157300
3.398246800
3.401367000
3.399477400
3.405410500
3.399851900
3.400108200
3.404045400
3.401026500
3.404546200
3.403102000
3.402454500
3.400745300
3.400302300
3.401088500
3.402113100
3.406685000
3.401833900
3.401532400
3.400535800
3.398579700
3.404935100
3.406021300
3.400155900
3.402537100
3.403090400
3.398995500
3.403090700
