8.596036300
8.358176900
8.517320500
8.621181100
8.566726500
8.557493800
8.550136000
8.514043300
8.585088300
8.525296900
8.569015600
8.571996800
8.623347500
8.561146900
8.606107800
8.581782600
8.835752200
8.695757600
8.699401100
8.615871500
8.693798800
8.876744000
11.322610100
12.532735500
24.950833600
9.394333600
9.903376700
11.604770900
9.894831000
10.327376200
9.439548800
9.429712200
10.451019200
9.682036000
10.041330200
9.441044900
10.865527600
10.193390900
9.476711500
9.241153300
10.557968600
9.933296400
8.645083100
8.579699600
8.498880100
9.118900400
8.534579500
9.209593600
8.641483200
8.674698400
8.563148700
8.457369600
9.327959500
8.702095400
9.845243600
8.625035100
9.137606900
8.588951600
8.909628700
8.667319500
8.602626500
8.913945500
8.588871200
8.920122300
8.599497600
8.615470000
9.135489400
9.037951200
8.581942000
8.639549100
9.053719600
8.644379000
8.639294600
9.109773300
8.562569100
8.586197800
8.534375300
9.047662000
8.701537300
9.041365000
8.567058000
8.604651700
9.076922100
9.031107300
8.588623800
9.221239400
8.548676400
8.650355600
9.159019500
8.676966700
8.801944600
8.584324400
9.133952300
8.539376600
8.655761900
8.598317900
8.447875900
8.510643500
8.528550900
8.561557400
