0.074231100
0.071065400
0.070799100
0.071505700
0.071288500
0.071905900
0.070890100
0.070855900
0.070802400
0.071591500
0.074061600
0.075919300
0.070892800
0.070819400
0.070754700
0.070614900
0.070668600
0.070698900
0.071074100
0.070690600
0.071533500
0.070758600
0.070701100
0.072257500
0.070960000
0.070927500
0.070738800
0.070745400
0.071211400
0.070702100
0.070622900
0.071122800
0.070647100
0.070623200
0.070696300
0.071263700
0.071137100
0.072161000
0.070720200
0.073392800
0.070847500
0.070701800
0.071313400
0.071038800
0.072695500
0.071417800
0.070868300
0.070899200
0.070755900
0.070849600
0.070831500
0.072936100
0.070963200
0.071116700
0.071491700
0.071236500
0.070631300
0.073388700
0.070763000
0.070860700
0.071267200
0.070892900
0.070601400
0.070925100
0.073771000
0.070833900
0.072673400
0.072823300
0.070893700
0.070909200
0.070854900
0.071339300
0.071034600
0.070710100
0.070832300
0.070900700
0.070786800
0.071046500
0.070805900
0.070826000
0.071917500
0.072992100
0.074080200
0.070909300
0.071084100
0.071741300
0.070789200
0.070593700
0.071978100
0.072332900
0.070911200
0.070745700
0.071905800
0.071939600
0.072868100
0.071486400
0.071380400
0.071132000
0.071053100
0.071054000
