0.069911900
0.069443400
0.069738000
0.069963200
0.069904100
0.071195400
0.069641500
0.070165700
0.070114300
0.069879800
0.069773700
0.069977200
0.069891200
0.070970800
0.071574100
0.070728300
0.070356200
0.070067900
0.071600100
0.070566000
0.069873300
0.069947600
0.069850000
0.070094400
0.069926400
0.070127600
0.069808200
0.071750600
0.073935100
0.070115800
0.071008700
0.071152400
0.069755500
0.070213600
0.071259700
0.071209200
0.073202300
0.069976700
0.071639800
0.070151200
0.070658300
0.070553600
0.070007800
0.070060300
0.070035800
0.069989300
0.069922900
0.069624200
0.070795600
0.070509000
0.069947600
0.069926000
0.069736800
0.069836500
0.069707400
0.070686600
0.070749100
0.072220900
0.069915200
0.069901300
0.070051200
0.070109200
0.070373900
0.069775500
0.070257900
0.070181100
0.071814000
0.070566900
0.070022100
0.070210800
0.071015500
0.069864000
0.071085500
0.070814700
0.069504600
0.070074400
0.070345300
0.069941400
0.070012800
0.070029200
0.070007300
0.069702700
0.072225600
0.069785200
0.071085600
0.069795200
0.069700600
0.069690000
0.069902500
0.070136100
0.069656900
0.070367100
0.071167600
0.070725000
0.070469000
0.071718100
0.069745600
0.069942600
0.069792500
0.071109700
