0.089586800
0.089612800
0.088769700
0.089739200
0.089391000
0.088923200
0.089251800
0.090217200
0.089556500
0.089529100
0.089197200
0.089007200
0.088733400
0.090276200
0.090381000
0.089504600
0.089375400
0.088818700
0.089964400
0.090655700
0.088827100
0.089728900
0.088570200
0.088691700
0.088625400
0.089141500
0.091145800
0.089314200
0.090296600
0.088593000
0.089705400
0.089186100
0.091298900
0.091250100
0.089466800
0.091638000
0.089124800
0.088878600
0.089387700
0.089491000
0.089197400
0.089670800
0.088947700
0.088888000
0.088865400
0.089133500
0.088768100
0.088844600
0.089700700
0.090357000
0.089573400
0.089088300
0.090193000
0.089530100
0.090770300
0.088804800
0.088949200
0.088820400
0.089622800
0.089377400
0.091324100
0.089619800
0.088821900
0.088979000
0.090321000
0.089314600
0.088822500
0.088710800
0.089823100
0.089072200
0.089647800
0.088922400
0.089428200
0.088971100
0.088768500
0.089704300
0.088678100
0.089087600
0.088630000
0.088915600
0.088983900
0.089154000
0.088847800
0.089493800
0.088923900
0.090197900
0.090246900
0.089326500
0.089447900
0.090980500
0.089848300
0.089350700
0.089206000
0.089533700
0.088744400
0.088637800
0.088753800
0.090797100
0.089676200
0.089379600
