0.726630099
0.726628592
0.724687590
0.716449765
0.725401641
0.725848100
0.724839498
0.720738944
0.728493574
0.722218445
0.731991553
0.724356956
0.716580579
0.725487470
0.735742543
0.737501606
0.731198055
0.722468035
0.723807606
0.726250090
0.727621807
0.732546669
0.729317439
0.734730969
0.722840814
0.728853688
0.724143760
0.726496569
0.728615680
0.722361774
0.722673597
0.723759805
0.723021121
0.721809338
0.726284043
0.724132592
0.720059229
0.732229098
0.728332294
0.728872287
0.723845667
0.732442382
0.728752886
0.724681415
0.729063755
0.725478341
0.721993205
0.727304487
0.722646984
0.727557708
0.724951289
0.734346437
0.734027306
0.720834974
0.721568443
0.731207862
0.726012766
0.723617901
0.729305758
0.728768277
0.722753934
0.730441466
0.726238217
0.729776823
0.722936958
0.730063403
0.726901262
0.723781020
0.736097940
0.729149688
0.727941031
0.732380794
0.730039941
0.731788288
0.722362030
0.727470426
0.729355444
0.728096847
0.723218705
0.725418776
0.731732392
0.727006259
0.727264615
0.732865741
0.728588507
0.725119763
0.724795321
0.730706673
0.726706760
0.732724168
0.724177402
0.725723226
0.726573733
0.728013561
0.731630059
0.725185786
0.727232589
0.731361609
0.726621158
0.728273183
