0.726358749
0.727653186
0.722351883
0.717619935
0.729940317
0.715741921
0.727432553
0.730013024
0.728974971
0.719751809
0.723084845
0.726367288
0.734549522
0.723704618
0.723217622
0.731198944
0.723498719
0.722056035
0.729308746
0.725107554
0.730372070
0.727359191
0.719879547
0.726110746
0.724140593
0.731108256
0.733066508
0.724883844
0.726538688
0.729642951
0.724392505
0.728296482
0.727828661
0.725557315
0.725268629
0.725367089
0.724124666
0.733608203
0.727990815
0.726412116
0.728729746
0.731299115
0.722315359
0.723582471
0.719959315
0.729836239
0.727671210
0.719471186
0.729233074
0.724335212
0.724959243
0.730555742
0.721528076
0.723016350
0.723606277
0.732156058
0.721802036
0.732219040
0.725207300
0.724308000
0.722414546
0.727166740
0.728316530
0.725303152
0.726718477
0.727663499
0.732105011
0.728613820
0.730451739
0.724304153
0.727958128
0.737515441
0.728127056
0.724177802
0.718427798
0.725521927
0.732694165
0.729669566
0.721807146
0.733318584
0.726200602
0.721046285
0.723881279
0.724383383
0.728790174
0.721574654
0.723315849
0.725779663
0.730524126
0.726442312
0.728986362
0.730250306
0.723706021
0.722646351
0.723720563
0.737435959
0.724419802
0.717898728
0.727982680
0.722879390
