0.725651599
0.719669930
0.734354933
0.725990112
0.727581954
0.724834757
0.724689625
0.727507728
0.730886245
0.723441523
0.727985321
0.721684760
0.721210713
0.725671021
0.724574592
0.727436012
0.730103613
0.723021142
0.726442229
0.716421311
0.729883554
0.723263591
0.732542264
0.738275852
0.732887681
0.725408339
0.728255392
0.728279130
0.724833225
0.732164596
0.721501637
0.725380411
0.725685094
0.726844538
0.729953077
0.732343517
0.723086905
0.721665146
0.732984836
0.723921307
0.725756771
0.732032765
0.731354538
0.724570170
0.725708255
0.720295095
0.727607047
0.739113651
0.727279103
0.725604336
0.736111648
0.728902024
0.726278738
0.715083177
0.727419952
0.726930696
0.729786505
0.740877386
0.721983303
0.724382789
0.725562151
0.724715807
0.725248550
0.724938410
0.734472083
0.730147612
0.719630150
0.729039952
0.721223288
0.723109784
0.730626353
0.726810047
0.715345706
0.728130558
0.719282840
0.725498329
0.718241565
0.728099048
0.728180382
0.728347956
0.715055399
0.724337136
0.729107139
0.720291064
0.723512629
0.721131202
0.717547184
0.722603875
0.723763425
0.724254203
0.724533825
0.733189006
0.931323961
0.749095634
0.733446934
0.728199650
0.730860222
0.734349760
0.734680164
0.734452555
