0.025147800
0.025131000
0.025165900
0.025133300
0.025183400
0.025185500
0.025155100
0.025167500
0.025126500
0.025178100
0.025186700
0.025170700
0.025145500
0.025154000
0.025156700
0.025153500
0.025130700
0.025153000
0.025149700
0.025165800
0.026000700
0.025151900
0.025166300
0.025749000
0.025158300
0.025179300
0.025179200
0.025175400
0.025163100
0.025520000
0.026178300
0.025168700
0.025200900
0.025164900
0.025175400
0.025406400
0.025182800
0.025144600
0.025217200
0.025171900
0.025163200
0.025158600
0.025181600
0.025149300
0.025155900
0.025133100
0.025153400
0.025166800
0.025167800
0.025182800
0.025160100
0.025188200
0.025164100
0.025163200
0.025679300
0.025150800
0.025166500
0.025194600
0.025168700
0.025179900
0.025162700
0.025191200
0.025176700
0.025157400
0.025169300
0.025154100
0.025196900
0.025163900
0.025647800
0.025210900
0.025191700
0.026253900
0.025156400
0.025166200
0.026245000
0.025155000
0.026109900
0.026141400
0.025148100
0.025151400
0.025184100
0.025158100
0.025141100
0.025162400
0.025158300
0.025169000
0.025151200
0.025165000
0.025167900
0.025193600
0.025148400
0.025147600
0.025189400
0.025168400
0.025137000
0.025126400
0.025169000
0.025141400
0.026154300
0.025164800
