3.488270700
3.439287100
3.494151400
3.495781800
3.494906800
3.512700400
3.493778200
3.495394100
3.504267900
3.495151300
3.497647400
3.486120800
3.496905000
3.500483600
3.492125100
3.495313700
3.501686500
3.490408100
3.506911800
3.495052000
3.501386100
3.486637200
3.499683300
3.495225200
3.501026600
3.507213100
3.511034000
3.498008000
3.504093800
3.506451300
3.495542800
3.504317400
3.513024000
3.492564500
3.494177400
3.488097800
3.496296800
3.627071000
3.493282400
3.499530800
3.512261500
3.508711700
3.498302500
3.491199800
3.495228700
4.057137500
4.678327200
3.512050400
3.571261900
3.517799800
3.564045000
3.500001500
3.517197800
3.578104100
3.531830600
3.495422200
3.493674200
3.495127300
3.642722300
3.528869300
3.511059900
3.503109600
3.512516900
3.500001200
3.500600900
3.503981400
3.485382800
3.500972400
3.559727000
3.605010600
3.528349000
3.542385300
3.559180900
3.535809000
3.531581300
3.514740300
3.518882000
3.548059700
3.511997100
4.850154500
3.995325600
3.615191600
3.513135800
3.503665100
3.523411200
3.519026900
3.507090000
5.086654600
4.045296900
6.992703800
9.010624600
12.835790600
9.084606100
3.839470800
3.808006400
3.778398300
3.813767800
8.072569200
9.529631000
5.610580500
