0.750456923
0.765159580
0.746117223
0.745634972
0.753142126
0.744774674
0.740912962
0.780813560
0.744059794
0.760596777
0.766009410
0.751185136
0.743019076
0.741759962
0.744553373
0.746329805
0.741745541
0.737066045
0.747247310
0.743544508
0.746459808
0.762386235
0.740274099
0.745506213
0.742479346
0.738402518
0.766697636
0.762976209
0.743654935
0.739983058
0.748836850
0.743065669
0.758005471
0.742417111
0.747744178
0.751305309
0.753191519
0.741884633
0.751049905
0.745911358
0.740955207
0.748803401
0.769353608
0.746688375
0.737340356
0.746610237
0.751487647
0.745639628
0.742619301
0.741337194
0.745491050
0.741382295
0.769639421
0.742726199
0.739426296
0.743868416
0.743397166
0.739096151
0.750131711
0.738926018
0.741681137
0.764536623
0.743427781
0.743033157
0.742883603
0.752580626
0.769367294
0.741768878
0.745076185
0.746614765
0.743766541
0.745619672
0.743335232
0.742047397
0.743950038
0.745513716
0.766881785
0.743439218
0.743996297
0.756589199
0.742235755
0.746266058
0.751364843
0.755329595
0.740292421
0.743812146
0.746217089
0.737753137
0.740292729
0.748217611
0.739193065
0.755583378
0.741822953
0.745464531
0.738101921
0.746106533
0.739779744
0.742550135
0.739967121
0.744441901
