0.801817013
0.780087370
0.789577227
0.787889180
0.812237652
0.807578131
0.781787862
0.796296650
0.794732963
0.786502289
0.793937415
0.789980269
0.798568159
0.783666941
0.781847652
0.788518928
0.798014166
0.788145955
0.781894370
0.791194345
0.788398463
0.785332301
0.787199009
0.783919062
0.791977314
0.785066414
0.786471213
0.776189550
0.785981873
0.782659218
0.781595556
0.789662741
0.782818412
0.790592670
0.777294857
0.793189612
0.777799829
0.790037114
0.783641306
0.789399958
0.792268175
0.786196765
0.802886589
0.802348319
0.787785379
0.784086286
0.786808146
0.786290182
0.779401917
0.785763133
0.787616113
0.782307986
0.786774201
0.784705885
0.791675450
0.803634867
0.785402717
0.781755194
0.784651323
0.785953823
0.780572360
0.787162607
0.788271920
0.785877564
0.789211701
0.789145712
0.783944385
0.790535442
0.790555005
0.787104151
0.779769763
0.799097277
0.801847956
0.787842701
0.779913982
0.786484483
0.785515230
0.788992665
0.787858604
0.786204996
0.802120248
0.868218771
0.859801441
0.858999351
0.864912853
0.801474575
0.792410032
0.785980824
0.785883927
0.788067070
0.789048272
0.786739912
0.789787631
0.787574428
0.783730261
0.783790111
0.788554723
0.781034922
0.778572989
0.796621306
