0.729050724
0.727058804
0.730223685
0.726263067
0.730792651
0.717253781
0.731831551
0.730578994
0.721624138
0.726029608
0.724980073
0.724422995
0.725318024
0.724985894
0.724996559
0.727181322
0.725921202
0.727275240
0.732961168
0.727865643
0.732049586
0.731059143
0.728810509
0.726538510
0.726964870
0.721975832
0.731778490
0.731150947
0.732996230
0.731222484
0.732846505
0.730523325
0.725282307
0.732201524
0.732511308
0.730325668
0.724011366
0.728985471
0.723802324
0.733593255
0.729917743
0.727695800
0.727842384
0.723097695
0.726761028
0.732082048
0.729751062
0.725718056
0.728068104
0.726504250
0.730508522
0.730009151
0.728479442
0.730847922
0.730249785
0.729070898
0.726001926
0.725920480
0.731057301
0.728606230
0.728245736
0.730523709
0.733130542
0.732671920
0.728357147
0.728366156
0.731567465
0.728465354
0.722754679
0.722054233
0.729964333
0.724412866
0.730221257
0.725724033
0.733686965
0.727429971
0.725404356
0.727293440
0.726937780
0.725755573
0.721782330
0.725972947
0.730444946
0.723243808
0.727768500
0.719936460
0.730610657
0.729260697
0.730990435
0.724798930
0.721851148
0.737219351
0.726782446
0.729489577
0.724165388
0.731080376
0.728378662
0.728302087
0.734176896
0.732084728
