6.090111700
6.038131500
6.085604900
6.181192200
6.194090100
6.124255800
6.113514400
6.112238200
6.096047300
6.029000000
6.021946100
6.051101500
6.022025300
6.071061200
6.143640500
5.999652100
6.038162600
6.062961500
6.051929000
6.131787200
6.033339800
5.993261500
5.982284100
6.139604500
6.151418300
6.120971500
6.178577500
6.145906400
6.099063300
6.142192000
6.101217400
6.103286300
6.115526300
6.170330200
6.188788800
6.269961300
6.151238900
6.080979600
6.073459100
6.067716100
6.076485500
6.111640600
6.082882900
6.115507700
6.207862600
6.103779900
6.132496600
6.186437900
6.077265400
6.087611900
6.041036100
6.045606500
6.190995500
6.162674400
6.210928700
6.153466100
6.181010300
6.124238600
6.053780600
6.101430200
6.143543900
6.128427900
6.112226500
6.163846700
6.135103000
6.232156600
6.156711700
6.138236500
6.136175000
6.131222800
6.132306800
6.153363900
6.152697900
6.083669400
6.077652600
5.961872200
6.072677100
6.020517800
6.100038100
6.096518600
6.137282300
6.192798500
6.129112600
6.156777900
6.128666700
6.123389100
6.180824600
6.187116100
6.146923000
6.125022900
6.163160000
6.158933600
6.218102200
6.178825800
6.140108100
6.120068600
6.104241200
6.106655300
6.043163000
6.077804700
