6.059277200
6.166158900
6.134675200
6.315611600
6.160382300
6.126073100
6.137182500
6.150808800
6.124338300
6.177051700
6.245279800
6.128832800
6.133653500
6.126658600
6.126451200
6.137770100
6.132331300
6.102190700
6.131581400
6.138225200
6.098953000
6.122548100
6.118346500
6.119051600
6.108315800
6.134967100
6.114030700
6.119089900
6.122476000
6.118680000
6.116502900
6.110693100
6.076316700
6.090577800
6.096054800
6.132608600
6.120900200
6.142646600
6.380284500
6.153837100
6.152304500
6.139166700
6.189268800
6.360474500
6.160197200
6.132417000
6.150595700
6.128203300
6.131626800
6.111128200
6.160070600
6.336939600
6.146189600
6.147901500
6.118233800
6.164430100
6.156340600
6.141768200
6.126209000
6.120729700
6.129542300
6.141388500
6.238554600
6.134893900
6.116512800
6.131792000
6.159660200
6.144177400
6.114043400
6.103840000
6.136531500
6.133236700
6.146339700
6.267078800
6.160984600
6.151684400
6.183438000
6.168972200
6.154746200
6.144191800
6.107733900
6.119121500
6.110155600
6.119751400
6.126066100
6.135236600
6.125869900
6.129803600
6.160694000
6.212011800
6.140822600
6.134703100
6.116056300
6.150258600
6.167960900
6.158123800
6.134299000
6.336875800
6.144107900
6.142537500
