6.446652300
6.405870700
6.393588900
6.447846700
6.512945400
6.528905000
6.532314500
6.472119500
6.518076600
6.446841500
6.424897500
6.524880300
6.466246900
6.505487100
6.459690900
6.511929500
6.465527100
6.491963800
6.558122800
6.517555300
6.434303400
6.506492000
6.505025500
6.451269100
6.529189900
6.554380500
6.555405700
6.461437400
6.496316400
6.508314600
6.510481000
6.505808100
6.471637800
6.397091000
6.505683900
6.458437600
6.548237400
6.515417900
6.463328500
6.509735800
6.513416300
6.497653100
6.491998000
6.564258000
6.501731600
6.484369400
6.494808400
6.567022000
6.506569500
6.402891600
6.551379500
6.503830000
6.509727100
6.518886800
6.507236200
6.459820100
6.444956000
6.514939500
6.574659600
6.540383000
6.518851800
6.524461900
6.415219300
6.380969100
6.410517800
6.365379500
6.373477300
6.414720100
6.441345400
6.435986800
6.453210000
6.507839300
6.501156400
6.484546300
6.506102300
6.509848900
6.372649400
6.452599500
6.516620900
6.507737100
6.508391300
6.464990000
6.348591800
6.524881900
6.487157900
6.475857200
6.529603300
6.554870500
6.475686000
6.527202700
6.532086800
6.521178300
6.472829300
6.495005200
6.469981200
6.496638800
6.470019300
6.489984400
6.441045700
6.460919200
