3.650489200
3.705621100
3.729188300
3.738446600
3.702781100
3.714754000
3.716792900
3.706253600
3.692867900
3.722209600
3.723122600
3.715833700
3.715933100
3.752630100
3.722668100
3.716603700
3.724362000
3.697844000
3.726218200
3.712634700
3.721601100
3.706094900
3.735416300
3.728975500
3.715345500
3.721246000
3.731589500
3.721137400
3.714514400
3.741645400
3.693526000
3.723296600
3.711792000
3.734453700
3.710751200
3.734212400
3.691943100
3.729924500
3.717785500
3.708133600
3.709647700
3.778250500
3.749080800
3.673880200
3.706155500
3.700010100
3.729662900
3.736671700
3.722908600
3.701582700
3.735875400
3.742206300
3.692031800
3.716288100
3.727749700
3.746131000
3.753437500
3.713560600
3.744335200
3.731936900
3.713998300
3.693694500
3.738319400
3.682507100
3.696659700
3.708319200
3.713540300
3.733080400
3.728982300
3.726128900
3.714160600
3.755698200
3.777535900
3.739673100
3.697227100
3.747292000
3.716338800
3.776235100
3.713596200
3.707299400
3.750677000
3.713056200
3.716764000
3.718608200
3.710838900
3.698941600
3.705045800
3.712936800
3.737688500
3.720849400
3.740084900
3.733778200
3.706887600
3.710177200
3.728534600
5.050036100
8.457859700
8.454943400
8.427168800
8.443649200
