12.603319900
12.594238500
12.687032000
12.673693000
12.615322100
12.622705800
12.616555000
12.581392200
12.681774900
12.598861500
12.659844500
13.437558100
12.383427000
12.530321000
12.458936500
12.398036900
12.352505900
12.427108300
12.375059700
12.316391400
12.461175500
12.497430200
12.273612400
12.423908800
12.369762800
12.432332500
12.552433000
12.479753300
12.466226200
12.494418200
12.337158700
12.766155000
12.805303700
12.821344900
12.814232600
13.028327800
12.977852200
12.841242600
12.825270300
12.879158400
12.997186600
12.980054700
13.026987600
12.909845600
12.913083700
12.893747000
13.081889500
12.995563600
13.016005700
12.923903400
13.007861300
12.999783100
12.913021800
12.909240400
12.895461800
12.736329000
12.775889100
13.027636100
12.974153300
12.747911000
12.815326700
12.826548500
12.953634900
13.035897000
12.924926900
12.966208900
12.890168900
13.020572700
12.922727800
12.776079700
12.777183500
12.846994300
12.919584700
12.846489600
12.950630900
12.840626600
12.760888800
12.915082100
12.832981900
12.768064300
12.762131200
12.851764100
13.015476900
13.025066300
12.876886900
12.852253900
13.010980400
12.933867800
13.106300400
12.975727000
12.969331200
12.982340400
13.028108700
12.790469500
12.910424700
12.889420300
12.841298700
12.923292100
12.976300800
13.012964400
