4.322534800
4.257438900
4.319203000
4.361761300
4.269724500
4.275015400
4.307270300
4.252628400
4.264324900
4.288921500
4.296908200
4.239515200
4.246152000
4.290515700
4.299011500
4.287621700
4.287449300
4.269154100
4.254275100
4.253111200
4.263788300
4.243894100
4.257525700
4.272427000
4.331492400
4.241500700
4.264045800
4.247158900
4.257736200
4.262429900
4.249249000
4.286279500
4.290357800
4.256639500
4.244545900
4.304314200
4.267362000
4.265588900
4.292155800
4.271928500
4.298806200
4.267065900
4.277207000
4.277868700
4.351575500
4.288887900
4.256761900
4.299846600
4.273124000
4.235154300
4.247925300
4.246116200
4.282052200
4.243263800
4.248073900
4.314418700
4.589220200
4.389377200
4.355574000
4.333544100
4.261935100
4.255312500
4.245981500
4.275776800
4.250690700
4.242568500
4.257518400
4.272003900
4.249802600
4.552972400
4.665131800
4.712338700
4.680255100
4.623400200
4.656762800
4.638524500
4.627718400
4.668705900
4.675523100
4.629471300
4.637819300
4.680862200
4.631392700
4.636953500
4.628916400
4.701232100
4.775459300
4.672982600
4.638184600
4.683597400
4.681298100
4.649709900
4.694184100
4.620637300
4.676506000
4.705336200
4.661523300
4.649935900
4.633425000
4.652222900
