0.002565500
0.002791400
0.002545200
0.002525400
0.002543900
0.002512400
0.002737700
0.002917800
0.002519300
0.002538200
0.002512000
0.002513200
0.002519200
0.002512600
0.002512000
0.002509000
0.002507800
0.002521900
0.002512300
0.002514800
0.002510500
0.002520400
0.002508300
0.002523100
0.002515900
0.002514500
0.002514300
0.002517600
0.002511700
0.002508700
0.002510000
0.002514700
0.002508100
0.002515000
0.002523600
0.002519400
0.002519200
0.002511600
0.002515400
0.002508000
0.002523000
0.002516900
0.002515100
0.002509100
0.002517700
0.002512200
0.002518700
0.002508700
0.002508100
0.002512300
0.002517300
0.002511200
0.002532900
0.002512200
0.002518100
0.002512000
0.002515100
0.002514100
0.002509000
0.002532000
0.002518200
0.002515400
0.002510600
0.002510700
0.002507800
0.002524300
0.002508400
0.002519300
0.002507500
0.002507400
0.002513500
0.002528200
0.002518800
0.002521700
0.002515000
0.002511800
0.002514600
0.002520500
0.002521000
0.002511200
0.002513300
0.002567200
0.002557100
0.002528600
0.002517300
0.002517100
0.002515400
0.002521100
0.002528000
0.002514700
0.002525000
0.002518900
0.002510600
0.002520100
0.002539100
0.002508600
0.002507500
0.002524100
0.002509700
0.002512900
