0.455541600
0.503661200
0.478696500
0.419963000
0.436439600
0.417169300
0.442144100
0.409658600
0.450322600
0.504010700
0.498367100
0.508995200
0.508426400
0.431515800
0.439741200
0.431978200
3.605122800
3.869670900
0.408065800
0.393118100
0.384467000
0.398422200
0.403717600
0.398922000
0.363693400
0.368816300
0.386180800
0.369918600
0.378231100
0.372915700
0.385891900
0.357093100
0.360656500
0.365973800
0.357098600
0.356727000
0.358058800
0.360005100
0.354413200
0.355577000
0.355701900
0.369937400
0.358952500
0.353958500
0.356357300
0.360911600
0.358311400
0.359293000
0.355257600
0.364280400
0.352092200
0.353977500
0.359243800
0.352374900
0.356023900
0.354235500
0.356006100
0.359160100
0.356394500
0.355237500
0.355206300
0.370951700
0.361035800
0.354460000
0.421357000
0.358216400
0.354244200
0.356132100
0.352511200
0.352409900
0.444986900
0.398512400
0.376481700
0.355673100
0.356227600
0.354453600
0.354273800
0.355156000
0.355332800
0.363487100
0.357125100
0.368856200
0.358532600
0.355596200
0.357348200
0.357016000
0.351958900
0.358446200
0.357966900
0.353933500
0.355650200
0.356393600
0.359687800
0.356284300
0.353981300
0.351296000
0.356793700
0.352722300
0.352120700
0.358004100
