0.025188000
0.025160500
0.025131500
0.026661500
0.025244900
0.026961800
0.025810000
0.025184200
0.025130400
0.025172900
0.025201700
0.025159900
0.025165600
0.025141300
0.025135000
0.025631300
0.025131800
0.025142200
0.025163900
0.025161600
0.025174800
0.025160000
0.025135200
0.025147100
0.025151600
0.025163300
0.025149100
0.025167400
0.025154300
0.025143200
0.025183400
0.025173400
0.025142800
0.025166500
0.025147100
0.025167900
0.025184200
0.025130600
0.025161100
0.025141000
0.025600300
0.025125600
0.025153600
0.025157600
0.025149700
0.026040700
0.025171200
0.025128200
0.025202400
0.025187800
0.025169100
0.025162400
0.025140400
0.025178000
0.025173900
0.025104800
0.025144500
0.025151300
0.025162200
0.025148000
0.025136800
0.025150300
0.025137500
0.025149300
0.025613400
0.025151900
0.025167500
0.025163900
0.025141400
0.025145000
0.025159400
0.025132300
0.025173400
0.025149000
0.025174700
0.025163200
0.025160900
0.025173600
0.025109200
0.025165000
0.025158000
0.025152700
0.025143300
0.025138600
0.025254900
0.025152000
0.026201600
0.025161200
0.025149600
0.025165200
0.025143700
0.025150500
0.025186200
0.025148700
0.025865100
0.025125100
0.025148500
0.025149800
0.025148300
0.025138100
