7.544655400
7.410343600
7.486430800
7.507575200
7.503412400
7.491267400
7.510906600
7.502382500
7.559331300
7.509662500
7.565338900
7.555216400
7.546654300
7.522233800
7.566590900
7.573366200
7.530419600
7.534620500
7.548781100
7.511914700
7.576899200
7.546927600
7.650816000
7.594210400
7.560610400
7.498175100
7.678980200
7.542975200
7.500355800
7.483799100
7.497535700
7.517119900
7.538001600
7.568565200
7.508708100
7.495953200
7.496005300
7.460348800
7.512341500
7.531687900
7.496952100
7.521284800
7.512454700
7.522289700
7.511493000
7.493041900
7.546408700
7.496725000
7.501867500
7.484680300
7.464552500
7.545581200
7.503435500
7.490047100
7.510909000
7.478857300
7.511532900
7.458033100
7.501725200
7.491584700
7.510074000
7.517398300
7.497992200
7.461678900
7.508556100
7.516012100
7.534183800
7.506459400
7.544974700
7.501494600
7.512817200
7.478688800
7.496674100
7.499216400
7.505300500
7.457437200
7.497895800
7.517681900
7.467949900
7.519322700
7.515428800
7.470843000
7.512281600
7.498825500
7.534364300
7.480012700
7.472240100
7.501637200
7.484762700
7.482313700
7.520331400
7.461999600
7.514691100
7.478827000
7.459722600
7.519247300
7.501561600
7.490572800
7.526370300
7.503451700
