0.034493000
0.033972500
0.034605700
0.034611700
0.034506200
0.034867500
0.034829400
0.034796600
0.034778000
0.035428600
0.034785700
0.035075500
0.034663000
0.035531500
0.036430600
0.035761500
0.034497800
0.034555300
0.035383000
0.034761900
0.034300500
0.035422500
0.034522200
0.034549800
0.034563100
0.034633800
0.034606800
0.034437000
0.034385200
0.034471100
0.034584800
0.034691400
0.034445400
0.034510900
0.034426500
0.034655900
0.034442100
0.034416000
0.034924400
0.034508900
0.035386000
0.035102400
0.034424600
0.034563300
0.035364500
0.035263700
0.034711500
0.035138700
0.034876300
0.035629900
0.035009600
0.034636700
0.034492100
0.034390300
0.034358300
0.034843400
0.034422000
0.034457900
0.035484000
0.034525600
0.034520000
0.034624100
0.034715300
0.034427500
0.034442700
0.034790800
0.034522100
0.036082800
0.036320400
0.035811900
0.036172200
0.034684100
0.035862200
0.036100900
0.034408800
0.034438000
0.034522800
0.034453400
0.034544300
0.034536500
0.034488200
0.034623700
0.034434700
0.034788000
0.034432800
0.035056000
0.034480500
0.035676000
0.034688200
0.034610900
0.034337100
0.034363400
0.034365900
0.034421800
0.034358200
0.035171800
0.034785500
0.034433400
0.034395800
0.035329700
