0.000260300
0.000250500
0.000254200
0.000250500
0.000250500
0.000250600
0.000250900
0.000250600
0.000253800
0.000250500
0.000253900
0.000250500
0.000250500
0.000250600
0.000254200
0.000250500
0.000254100
0.000250600
0.000263600
0.000250500
0.000250600
0.000250500
0.000254200
0.000254400
0.000250500
0.000250500
0.000250800
0.000250500
0.000250500
0.000250600
0.000253900
0.000254100
0.000250500
0.000250600
0.000250600
0.000250500
0.000250500
0.000250500
0.000253800
0.000250500
0.000250500
0.000250500
0.000250500
0.000250600
0.000250500
0.000250800
0.000253500
0.000250500
0.000250500
0.000253900
0.000250500
0.000250500
0.000250500
0.000250600
0.000254000
0.000250600
0.000269800
0.000254100
0.000250500
0.000250500
0.000250500
0.000255200
0.000250500
0.000250500
0.000250600
0.000254200
0.000250500
0.000250500
0.000250500
0.000253500
0.000250600
0.000250500
0.000250500
0.000250500
0.000250600
0.000250600
0.000250500
0.000253700
0.000250600
0.000250600
0.000250600
0.000250900
0.000250500
0.000250500
0.000250500
0.000253400
0.000250500
0.000250500
0.000250600
0.000250900
0.000250500
0.000250500
0.000250500
0.000254300
0.000250500
0.000250500
0.000250500
0.000250500
0.000250600
0.000253800
