6.632188700
6.613840200
6.590144700
6.611599400
6.601665400
6.625870700
6.568793100
6.556527800
6.640037500
6.688613200
6.647450600
6.607580200
6.659172600
6.610294200
6.486714300
6.556261500
6.598239300
6.537807700
6.499143700
6.546966000
6.589699600
6.610529200
6.652462600
6.652741800
6.590252700
6.602015500
6.598911000
6.540408600
6.539435800
6.688883400
6.629422500
6.650330400
6.546055500
6.559558100
6.621437300
6.620956600
6.546044900
6.528688100
6.622749100
6.553656400
6.581199000
6.635679200
6.602470700
6.518501100
6.512046400
6.460022400
6.547808200
6.531527100
6.638808600
6.641230100
6.583225400
6.567629500
6.493383200
6.507725600
6.599067800
6.652832500
6.665095700
6.617468400
6.509593600
6.593191800
6.647057000
6.522576200
6.593565900
6.658591600
6.538530600
6.511040500
6.600949800
6.607490000
6.569010100
6.664281900
6.599894500
6.638384900
6.669150700
6.645634300
6.503832800
6.503771600
6.512932900
6.607952900
6.632381100
6.566229100
6.687752200
6.683894200
6.610438800
6.496089800
6.543602100
6.594556800
6.542779400
6.646844100
6.666319500
6.624127700
6.818639900
6.670127500
6.672350400
6.715484500
6.781007300
6.749137100
6.700456200
6.738652500
6.789851600
6.864956000
