8.089022400
7.809931300
7.835690100
8.035919900
7.993396600
8.095072300
8.140740800
7.753584300
7.888084000
7.869580100
7.890670600
8.020710500
8.040963100
8.085333900
7.977728100
8.006065800
7.952597200
8.030846000
8.060500400
7.946279000
7.865533600
8.031327200
8.028718800
8.120193800
7.859281000
8.091668800
7.940045400
7.905862300
7.929254200
7.880609000
8.021190800
7.978522800
8.017110700
7.862377100
7.813159900
8.015074000
7.803646900
7.862493900
7.860691400
7.912947400
7.931444300
8.056844000
7.958672700
7.989407500
7.929041800
7.826595900
7.911135800
7.983528800
7.892638600
7.985005300
8.172623800
8.000599700
7.978633900
8.086065000
8.022112600
8.100401200
8.086302400
8.109081100
8.599320500
8.495368000
8.063909600
8.176382600
8.269121900
7.979000700
8.206800100
8.214501000
8.110316900
8.105499700
8.174320400
8.017155100
8.104987000
8.127495100
8.166342000
8.191562500
8.184164500
8.076354800
8.039673400
8.195858700
8.182049000
8.052792000
8.115365800
8.186213600
8.177365300
8.123761600
8.174487500
8.183087200
8.184949100
8.189382900
8.191965000
8.201265600
8.237257100
8.118685300
8.069165100
8.089902500
8.188994300
8.222647400
8.164870400
8.125263500
8.046742300
8.070769800
