11.566527000
11.661307200
11.307416100
11.585612000
11.648547900
11.526483400
11.556563000
11.544763900
11.556654700
11.666685300
11.570392300
11.483083400
11.548036000
11.620991200
11.531536400
11.601067900
11.609712300
11.484047700
11.592695300
11.544860500
11.496249800
11.470072600
11.509917000
11.495081300
11.607377500
11.301277600
11.309114800
11.365543200
11.295701900
11.271724700
11.242308800
11.354842300
11.262011500
11.295349900
11.472771500
11.469307200
11.518562500
11.462615800
11.516717000
11.501704600
11.501729700
11.626955900
11.562937600
11.528198900
11.649724000
11.622102000
11.618817400
11.606711000
11.633221800
11.486059400
11.505836600
11.596443200
11.547873600
11.495171300
11.545246100
11.535639100
11.585073600
11.571519700
11.612421200
11.573319400
11.593453500
11.579639300
11.574395000
11.585292600
11.539703400
11.520318000
11.553940800
11.585721700
11.616329500
11.608096100
11.508007000
11.549547800
11.567905200
11.535457200
11.526745100
11.562812300
11.619157700
11.627693400
11.564704000
11.625967400
11.594580500
11.567246500
11.539377000
11.605503300
11.620822500
11.613159700
11.570075900
11.619195800
11.518471200
11.514383000
11.551451800
11.548597400
11.544808100
11.540433700
11.702585200
11.800408300
11.578109300
11.571239500
11.532719000
11.585246300
