3.401660700
3.363114000
3.391416900
3.401895800
3.399147900
3.405099500
3.395642200
3.396610200
3.399098700
3.395561100
3.402815400
3.400725800
3.392910000
3.397021700
3.394077100
3.393489900
3.396849800
3.398661300
3.397941900
3.403401300
3.400251200
3.395138500
3.396844700
3.398961300
3.400740300
3.404252700
3.401819600
3.397419200
3.394503100
3.397888100
3.401581900
3.393276500
3.396013400
3.398018400
3.402476200
3.404740700
3.398422100
3.399197700
3.402702600
3.406936200
3.410926400
3.411920700
3.397562800
3.400253600
3.402334400
3.411839700
3.423831400
3.405537000
3.397238100
3.400246500
3.402432400
3.405526000
3.394390500
3.401071400
3.403728500
3.397711300
3.395948100
3.396889500
3.405567400
3.399945500
3.403650100
3.395294800
3.398259800
3.402355100
3.400887400
3.398781300
3.397658600
3.397597900
3.395791800
3.396385800
3.398802100
3.397801300
3.396485300
3.396618300
3.402911200
3.398840200
3.396870200
3.402843100
3.400596300
3.400357000
3.405967400
3.406493000
3.404315300
3.402166100
3.397434200
3.395964300
3.404689300
3.401797600
3.398981600
3.395851600
3.403710300
3.395679900
3.396920400
3.400307000
3.405787800
3.397171000
3.399310800
3.401394600
3.403395900
3.397007000
