3.602387200
3.575050900
3.595223300
3.595386900
3.597401300
3.603465500
3.597231600
3.597693500
3.593429400
3.599200600
3.591376900
3.603130500
3.594659600
3.597759400
3.600682900
3.597766700
3.598199200
3.593661900
3.597002100
3.597352600
3.605320800
3.600414700
3.598846300
3.596662400
3.599145700
3.596262000
3.595868800
3.594326600
3.593661800
3.609210300
3.604233500
3.604828200
3.587780300
3.591490800
3.613935800
3.594134400
3.594774600
3.597988400
3.594523000
3.595848500
3.591383200
3.602075100
3.596265600
3.593404700
3.595789900
3.600804300
3.596423900
3.601123000
3.597710300
3.598529500
3.597660500
3.596034700
3.591729500
3.596200900
3.600910300
3.597444100
3.602864000
3.603366600
3.598651800
3.695992000
3.631114900
3.609267500
3.952550500
3.671524200
3.616933200
3.626212200
3.626410900
3.622224700
3.611146300
3.603903600
3.604170900
3.598925600
3.597895400
3.598754600
3.606956300
3.600301700
3.600341200
3.597070600
3.597559600
3.610562900
3.603943300
3.602672300
3.596170200
3.599594900
3.595675700
3.604934400
3.612269500
3.601468000
3.598636800
3.603745900
3.598580300
3.600371600
3.608891700
3.600900300
3.600294100
3.600619000
3.596457000
3.603782400
3.609453300
3.606604300
