3.448751500
3.401282900
3.457040700
3.454229300
3.456858100
3.458560500
3.449873700
3.446417000
3.455199400
3.446341400
3.454900500
3.459450300
3.444891400
3.450878500
3.452557400
3.465216200
3.450908000
3.457312300
3.459252400
3.451092300
3.454168600
3.452520400
3.450586200
3.455078000
3.449955600
3.452492400
3.456433200
3.453397800
3.457940600
3.454994000
3.456103300
3.447772400
3.463056200
3.456328300
3.456193700
3.445538500
3.449844100
3.448170000
3.450775500
3.455223900
3.453998700
3.445060300
3.452740500
3.451152800
3.447803900
3.461095100
3.455898600
3.451426500
3.453477800
3.451954900
3.454221000
3.450203200
3.460390800
3.457769500
3.451491100
3.452330100
3.450909000
3.453958000
3.450175800
3.448939400
3.453685100
3.452248000
3.458035700
3.460014900
3.453971700
3.452959500
3.452083200
3.454590700
3.452779400
3.450852400
3.456712000
3.449850300
3.454405100
3.448473600
3.450897600
3.458229900
3.454252400
3.451721000
3.452312900
3.456398100
3.451747700
3.456632500
3.452074400
3.451999600
3.452090600
3.453947700
3.452069100
3.447610100
3.455704600
3.452009300
3.453082000
3.449255600
3.452139500
3.449847900
3.454078700
3.451226800
3.451422000
3.457287900
3.458518700
3.457286400
