0.057041600
0.056945500
0.057249200
0.057047700
0.057146400
0.057065600
0.057298600
0.057122300
0.057351000
0.057166400
0.057316800
0.057039300
0.056847900
0.057215000
0.056998900
0.057037700
0.057060200
0.058820700
0.057976900
0.058290900
0.058805900
0.057879800
0.058084600
0.058421500
0.058618900
0.058204500
0.058345500
0.058309200
0.058479500
0.058412500
0.058031100
0.057992000
0.058058300
0.058331200
0.060537100
0.061012900
0.060531100
0.060160500
0.060934600
0.061571500
0.061316300
0.061403000
0.061403900
0.060933200
0.060724800
0.061303600
0.060525500
0.058214400
0.059747000
0.058115400
0.059048100
0.059273100
0.056716900
0.056850300
0.056562100
0.056523200
0.057160000
0.056713300
0.056717300
0.056604000
0.056765000
0.056858200
0.056612800
0.056520100
0.056855400
0.056533900
0.056362200
0.056668900
0.056528200
0.058131300
0.058795900
0.058773100
0.059729100
0.060872400
0.060577000
0.060710700
0.060377100
0.061645200
0.061134100
0.060637900
0.060860000
0.060809400
0.060780100
0.060670200
0.060525800
0.061021700
0.059726500
0.058634100
0.059012300
0.060378200
0.060676400
0.060975500
0.060636100
0.060795100
0.060366000
0.060981800
0.060540600
0.060993100
0.060913400
0.059451500
