0.059145400
0.060665400
0.060231100
0.060590500
0.060673400
0.061533200
0.061072600
0.061489900
0.060460400
0.061334000
0.061169700
0.060955500
0.060572100
0.061317600
0.060980900
0.060293100
0.060960800
0.061030700
0.061879800
0.058788800
0.060060900
0.059151400
0.059437000
0.059515400
0.059580700
0.059633900
0.059783500
0.059658200
0.060078100
0.059870800
0.058535700
0.057337300
0.057653100
0.059450000
0.058195600
0.060507300
0.062313300
0.061130900
0.060952700
0.060826800
0.061680600
0.061580600
0.062202900
0.061910100
0.061292200
0.061178000
0.061045900
0.060915500
0.060835800
0.060734800
0.060947600
0.061590600
0.061015100
0.058980300
0.059212300
0.059160500
0.058945500
0.058732700
0.058712400
0.058704900
0.059269200
0.059034600
0.059538900
0.058905600
0.059537100
0.060255400
0.058888100
0.058437000
0.058394100
0.059860600
0.059496700
0.061316700
0.061284200
0.059440700
0.060922100
0.061193900
0.061520100
0.061235000
0.061107000
0.061408400
0.060011800
0.059177200
0.059101300
0.058618800
0.058831800
0.058943600
0.060324200
0.059747800
0.060081200
0.059627800
0.059135400
0.059699100
0.057115400
0.056849000
0.056862000
0.058266500
0.059536600
0.058812100
0.059326700
0.059101800
