0.070406700
0.068476300
0.069892000
0.072186400
0.069380300
0.071489600
0.072799600
0.070681700
0.069863700
0.068866600
0.069567300
0.069166800
0.073541100
0.074379100
0.071971100
0.068475300
0.068826700
0.069288900
0.068865700
0.069872800
0.071483300
0.071158100
0.073971700
0.072808000
0.070356400
0.068612800
0.068884100
0.068576400
0.071089600
0.072118400
0.069563700
0.069463500
0.068798100
0.071547900
0.073825800
0.072857300
0.072969900
0.072137500
0.073273500
0.074240900
0.074707000
0.074907200
0.074809300
0.074068400
0.074953900
0.076528400
0.149727700
0.130115200
0.166727700
0.100304000
0.078337400
0.089963200
0.075690800
0.070073400
0.076868700
0.074972500
0.075356800
0.071065700
0.070724700
0.070052900
0.068476700
0.068570600
0.068601700
0.073156600
0.072455300
0.070336700
0.069794300
0.070051300
0.069876500
0.073159000
0.072380600
0.074821300
0.073500000
0.073317400
0.075143500
0.075502400
0.074752600
0.074278300
0.071114800
0.075787200
0.077934400
0.072377000
0.072010900
0.072418000
0.069948400
0.071599900
0.068991000
0.068685800
0.069712300
0.072472900
0.074206600
0.074246800
0.073012000
0.073854700
0.074421600
0.071884400
0.071778500
0.070584300
0.071197800
0.072719800
