10.180823200
8.371604100
8.066282100
8.362571100
8.094495700
8.056877000
8.332842600
8.134717200
7.990932200
8.016867500
8.323913300
8.355877800
8.082951100
8.366253600
8.130511800
8.046594700
7.980065000
8.013283000
8.434303400
8.105486000
8.498812200
8.095728500
8.366065600
8.060539400
8.086923600
7.988711500
8.531893200
8.146191200
8.376925900
8.116103300
8.375649800
8.144430300
8.103175600
8.609767200
8.100064700
8.003744800
8.395233100
8.054629000
8.462154500
8.103272100
8.049083400
8.011432500
8.002603600
8.552204000
8.112785800
8.463261900
8.097185000
8.439476400
8.106810900
8.488776700
8.569369400
8.164892900
8.035129900
8.073181100
8.001639900
7.968489800
8.036052200
8.316112400
7.995581600
7.993034300
7.972313900
7.976014600
7.940824200
7.959454600
7.931199900
7.963031500
7.978339000
8.020882000
8.272588000
8.129208500
8.438951800
8.078313900
8.300772800
8.098903600
8.143683700
8.578773000
8.123061700
8.481388000
8.128062000
8.182675900
8.003684900
8.035110300
8.085050000
8.227225400
8.006312900
8.486980300
8.064939300
8.116899600
8.465672700
8.072060000
8.431685200
8.094777400
8.007957200
8.483733800
8.050589100
8.352511500
8.122625000
7.983005700
8.177933300
8.009427700
