3.438487000
3.361041000
3.435307500
3.431589000
3.435737200
3.431460300
3.433337800
3.504262500
3.435854000
3.437479900
3.439332000
3.431586000
3.433858000
3.434234300
3.433560200
3.433778900
3.433581800
3.432468600
3.439961700
3.450425200
3.447368600
3.434709400
3.433165100
3.436734800
3.432243600
3.442157000
3.432119000
3.432706600
3.443499700
3.436304400
3.443527600
3.440935600
3.441522500
3.441611500
3.444940800
3.446816600
3.444048700
3.442450700
3.439417900
3.436693300
3.432740100
3.432284800
3.432299700
3.436403900
3.434742100
3.433454200
3.434478400
3.432696500
3.437844700
3.430917100
3.434495600
3.433414200
3.432520000
3.430115100
3.433835000
3.446044300
3.434481000
3.433778200
3.434684500
3.435591500
3.432548800
3.431736400
3.435773900
3.431394400
3.434919100
3.434475600
3.431329800
3.430441100
3.432221500
3.430654600
3.432600800
3.431251700
3.435322300
3.432427900
3.429541700
3.434805800
3.430435000
3.439772700
3.431567800
3.434356000
3.434652000
3.433263100
3.433690800
3.432187600
3.434899400
3.436017300
3.431479800
3.436064200
3.430753700
3.431451900
3.433834000
3.430490300
3.432862800
3.429128700
3.428572700
3.434010800
3.428982000
3.431376700
3.431028000
3.427103100
