3.422948100
3.378687800
3.421905600
3.424173100
3.426924500
3.426749900
3.422509300
3.422602400
3.422490200
3.428202200
3.422950600
3.424024800
3.426632700
3.425152600
3.426380200
3.433556900
3.432941700
3.425135200
3.427637900
3.428715200
3.425131200
3.426663800
3.425766600
3.426878200
3.426213800
3.421364000
3.423919200
3.426251600
3.424585200
3.429103700
3.426222900
3.422925800
3.427629400
3.430258000
3.424338500
3.426122100
3.425437500
3.426244700
3.424870600
3.423892400
3.425980200
3.421655300
3.425250900
3.420644600
3.421559700
3.423300100
3.426688200
3.425987300
3.427334500
3.423939300
3.422690700
3.429737300
3.423059800
3.425130600
3.426995800
3.424906500
3.425532900
3.423337800
3.426580300
3.423472700
3.426666600
3.426298400
3.427483100
3.425598800
3.424678200
3.428497500
3.423462900
3.424071500
3.430777600
3.422479800
3.428970200
3.424802800
3.430078200
3.427710500
3.427171500
3.424663700
3.424274000
3.426117800
3.426793400
3.425295400
3.424186100
3.425201500
3.422638000
3.423665100
3.426562500
3.423823400
3.425479600
3.423630800
3.420969100
3.422360800
3.422729700
3.426596200
3.430402600
3.425815100
3.424437300
3.424998700
3.426694600
3.429203700
3.423444100
3.428390600
