0.736106867
0.729425844
0.724125393
0.735876179
0.736222062
0.728123172
0.732504581
0.728830407
0.726728547
0.734027590
0.726264991
0.722960644
0.727975802
0.726243039
0.731147156
0.724260561
0.726492463
0.728250780
0.725410351
0.723560425
0.722924200
0.732450649
0.726392693
0.725044547
0.737645162
0.724817023
0.723666274
0.729704248
0.727015906
0.724944439
0.726686930
0.725062319
0.725603787
0.731929040
0.729597325
0.717499141
0.728958897
0.718573241
0.727096587
0.739497408
0.726953485
0.722995572
0.729012749
0.722686768
0.728301443
0.718625430
0.729858941
0.730299131
0.728552710
0.717315461
0.730094490
0.728326980
0.727293783
0.729880875
0.725077746
0.722041126
0.733701809
0.727896743
0.734192299
0.731898149
0.728462949
0.730102105
0.725615365
0.720463680
0.726530071
0.730332187
0.718123960
0.726454261
0.732398009
0.727828810
0.727000484
0.729590513
0.726619175
0.732377671
0.729326332
0.734462153
0.731158018
0.727429475
0.731056596
0.726933703
0.728154916
0.727019868
0.733847174
0.739126185
0.724063218
0.725382220
0.731211309
0.730894959
0.734887773
0.725110508
0.729193003
0.731992829
0.733708980
0.730723564
0.727977276
0.724339575
0.729019245
0.726658508
0.733828407
0.727881243
