0.742535386
0.733245471
0.731163691
0.727715299
0.728403076
0.728151986
0.733562801
0.735869611
0.729844457
0.740787536
0.736714569
0.732632149
0.734707503
0.733785756
0.734611987
0.736078004
0.736232388
0.748438954
0.738160140
0.742982560
0.735872041
0.730346545
0.735734456
0.734575540
0.739432185
0.733201320
0.737022612
0.730275048
0.731662702
0.734042498
0.735569772
0.735224715
0.730446897
0.736365906
0.732856106
0.734597553
0.732360068
0.732349912
0.752948067
0.737704631
0.735413972
0.727412657
0.738101955
0.729748180
0.737560096
0.735889402
0.731642941
0.732114337
0.728186667
0.737066579
0.736865428
0.727972156
0.733850607
0.726815565
0.728415549
0.727087900
0.733712810
0.725855168
0.737000126
0.733846716
0.739470687
0.730353886
0.734611235
0.739582155
0.741291573
0.746207269
0.745979786
0.739433991
0.736892351
0.745260113
0.842796080
0.746204318
0.741170290
0.753297765
0.732285287
0.753324491
0.734496776
0.737132029
0.732880094
0.806200541
0.781966409
0.757100943
0.750799825
0.742456257
0.740446716
0.742695922
0.736796233
0.737957345
0.745326998
0.750429177
0.747580457
0.737738116
0.738307671
0.737235954
0.735007207
0.734127507
0.731215893
0.727487825
0.734968949
0.733119003
