0.732358959
0.733262436
0.735166221
0.731568632
0.734033147
0.731571789
0.729252887
0.734018623
0.726522144
0.725328970
0.726321893
0.725835167
0.731459108
0.734733246
0.730186519
0.726068009
0.727849843
0.728057914
0.724684192
0.728238151
0.726796141
0.722068374
0.735051206
0.732967356
0.722888263
0.733359696
0.730677343
0.732221428
0.727599091
0.736808238
0.720791564
0.733953502
0.722645823
0.726780160
0.724433896
0.734305432
0.738085245
0.732869411
0.735477410
0.732738967
0.722176168
0.726610536
0.737029613
0.731632714
0.731000140
0.729005349
0.726126792
0.734398856
0.735190708
0.723925161
0.720891977
0.722502522
0.728749307
0.727709316
0.731996610
0.733919069
0.737592146
0.735884896
0.741886479
0.730603050
0.732523436
0.735534078
0.725156518
0.727564826
0.723675483
0.729111211
0.736966937
0.733400203
0.734629314
0.720032899
0.729832101
0.728608078
0.723901543
0.726964880
0.727188224
0.729219436
0.728930411
0.734486097
0.730374646
0.736772643
0.735765920
0.729536789
0.731323040
0.728318461
0.724852478
0.728234606
0.731094183
0.731897104
0.729091596
0.734598318
0.734577495
0.725943146
0.736280074
0.740082639
0.730217404
0.733780727
0.722340562
0.726857924
0.730031350
0.729627065
