0.071048345
0.074832755
0.075757352
0.074705833
0.072443274
0.073225569
0.073342391
0.069783953
0.072281220
0.072146914
0.070761505
0.072322073
0.071499528
0.072405129
0.071253087
0.073931331
0.074457601
0.073064239
0.072777948
0.073261627
0.071870082
0.070596272
0.072336870
0.071726609
0.072657701
0.072193848
0.072709518
0.072279045
0.073265030
0.072780934
0.070683106
0.072137182
0.071070913
0.072434757
0.072376887
0.071444699
0.073390012
0.073178309
0.073612221
0.071325438
0.073415129
0.071603195
0.071306428
0.074298508
0.072993368
0.074298124
0.072640432
0.074597207
0.072329496
0.071579737
0.071571415
0.072960525
0.071917158
0.072829297
0.074986586
0.073046915
0.074495504
0.074841901
0.074901896
0.072293033
0.071641910
0.072853472
0.071257774
0.071190366
0.072485749
0.073565205
0.071716701
0.071338012
0.071449475
0.073305581
0.070891588
0.072551429
0.072816401
0.073349875
0.071392415
0.073212195
0.071751758
0.071374160
0.072956543
0.072759254
0.070805314
0.071384700
0.073616603
0.071782807
0.073058177
0.073523716
0.071407054
0.071131414
0.073667058
0.072384240
0.071137069
0.072411668
0.073123586
0.072350526
0.071392942
0.070728062
0.072145471
0.073738034
0.073436977
0.074242112
