0.109286901
0.108123615
0.107664127
0.112075959
0.118612577
0.115111648
0.108951474
0.109078802
0.106743387
0.107365163
0.107468795
0.108575559
0.105943962
0.109054138
0.111692455
0.109873566
0.112558655
0.105234749
0.106642995
0.113626973
0.106350720
0.107078533
0.110989121
0.109558783
0.109719644
0.107133393
0.110944664
0.111158980
0.108055436
0.102774112
0.105361480
0.108952972
0.108737598
0.112292570
0.109505502
0.110566779
0.105749547
0.108230543
0.110533591
0.108619414
0.109679267
0.106842715
0.111405839
0.111412236
0.110024549
0.109984073
0.109287277
0.110287689
0.111312461
0.108650932
0.111736474
0.112479910
0.109741254
0.108904855
0.110636718
0.107411546
0.109001319
0.107172101
0.108113607
0.112534514
0.107860685
0.110481058
0.107944605
0.109271271
0.107869366
0.105074860
0.110085239
0.108460616
0.109323036
0.106870449
0.108625243
0.110502187
0.107984030
0.110067981
0.104447177
0.109345499
0.108215995
0.105687489
0.109399195
0.108912855
0.106830137
0.110016294
0.107505515
0.107806582
0.107230111
0.108035297
0.108664354
0.109741286
0.107550250
0.108543052
0.110940138
0.109931882
0.106750445
0.107997706
0.108626846
0.106736193
0.111699296
0.105781568
0.105944203
0.110629940
