0.114061241
0.109413832
0.106761750
0.110889356
0.105386718
0.109276871
0.105151425
0.107260880
0.111853440
0.105861389
0.108023565
0.105484578
0.130636417
0.114499260
0.115456943
0.105673022
0.110014650
0.106790841
0.107349898
0.108640913
0.104677719
0.108267417
0.107449458
0.111137519
0.109117729
0.106213619
0.111362111
0.108543368
0.106929652
0.106771785
0.109881182
0.110107461
0.108340828
0.110591477
0.106761982
0.105522842
0.108152519
0.105790885
0.112003706
0.101442666
0.107090673
0.111243420
0.109776131
0.109750900
0.106842510
0.110743511
0.108042496
0.107926591
0.107122978
0.106314126
0.106834446
0.106645961
0.110859445
0.108877609
0.103669158
0.105182345
0.107383103
0.107343287
0.104787475
0.108618071
0.107160900
0.105118855
0.103332288
0.104031025
0.109449787
0.106613881
0.107911969
0.109445693
0.106228588
0.108646060
0.108501764
0.111308425
0.106822321
0.106361502
0.107319992
0.108148427
0.106985162
0.104269599
0.111324145
0.110985771
0.104615848
0.107987382
0.108536810
0.110715417
0.105992575
0.107496994
0.107413731
0.108486881
0.105122030
0.105055704
0.105794282
0.105665317
0.108007381
0.108763185
0.107474527
0.108969718
0.106643758
0.109318077
0.106423799
0.107755117
