0.065746900
0.066104300
0.063902100
0.064843900
0.066741500
0.061577500
0.063474100
0.059019400
0.061361600
0.060922400
0.061631600
0.065656600
0.063537000
0.068173500
0.082193200
0.063002700
0.060000600
0.059037000
0.062331200
0.059879600
0.065499100
0.059490300
0.062859400
0.064196400
0.064761100
0.061168800
0.061600900
0.064090600
0.064683000
0.072974900
0.063172300
0.061685100
0.063350700
0.065547700
0.064079400
0.062772600
0.060443300
0.062768100
0.062818000
0.063769100
0.063182700
0.060610400
0.067387100
0.059009500
0.062629300
0.088132300
0.063315400
0.060665900
0.061351500
0.062009000
0.065177900
0.063876800
0.066530400
0.062256000
0.063262800
0.085148200
0.064376900
0.061359600
0.064851100
0.063588200
0.063824500
0.064381400
0.082794700
0.062074900
0.061397600
0.061597200
0.062957600
0.064572500
0.062622200
0.065401000
0.067337800
0.062100100
0.081918500
0.062202000
0.065262100
0.068366600
0.066547800
0.061782600
0.066531400
0.059589900
0.059498100
0.063116100
0.060808600
0.061760500
0.059598400
0.066688800
0.064885700
0.064536300
0.067930300
0.063986600
0.065843300
0.059778800
0.059312600
0.064004800
0.062611900
0.061829100
0.063736300
0.065380400
0.061851000
0.066460300
