0.062672200
0.060054100
0.061221200
0.060414200
0.065420900
0.060544800
0.068712400
0.060771600
0.062990500
0.059323200
0.061337900
0.062852500
0.060113700
0.078136400
0.060942500
0.058338500
0.057179300
0.057748100
0.061680100
0.060180100
0.062431700
0.062538000
0.061669900
0.063548600
0.060548900
0.064875100
0.062611700
0.060221100
0.061928500
0.062059300
0.060572000
0.061016900
0.082334200
0.061516700
0.060806700
0.062300100
0.059751900
0.062138600
0.062018500
0.061485400
0.061821900
0.062882100
0.061576200
0.061914600
0.062228600
0.063593800
0.064120400
0.060648700
0.067115400
0.063269400
0.063252000
0.060702100
0.065381300
0.059387500
0.059033100
0.060351400
0.060030200
0.067880100
0.060147000
0.060332500
0.063463600
0.060288000
0.081869000
0.060830000
0.061879900
0.061881600
0.061392900
0.062200000
0.060133500
0.063066700
0.061403800
0.064666000
0.060688400
0.062455500
0.061626800
0.061692300
0.063396500
0.059694900
0.060040300
0.060500200
0.060731800
0.069204400
0.072624500
0.063596400
0.060319700
0.060016000
0.061081400
0.062969600
0.061004500
0.063189700
0.062072900
0.061177700
0.061642200
0.062573000
0.061942900
0.057676400
0.073139300
0.060955100
0.062039300
0.060772900
