0.064807400
0.062326500
0.071689300
0.059835000
0.061739700
0.059383700
0.059370300
0.063387300
0.062895400
0.061412700
0.062223900
0.061398400
0.061125400
0.060458800
0.060289200
0.061075900
0.061255200
0.064039000
0.063783900
0.061285900
0.057485500
0.063074700
0.058530700
0.065672500
0.064449700
0.058803800
0.060447800
0.063951200
0.059185600
0.090471600
0.061777200
0.062892600
0.062503200
0.059574600
0.061963500
0.060462700
0.059233400
0.063401500
0.062561100
0.060972300
0.060218300
0.062380000
0.063543400
0.064006600
0.061986300
0.064553400
0.063363500
0.062477600
0.062097400
0.062015900
0.063133700
0.064870800
0.062554200
0.066243100
0.059174700
0.061145900
0.061571600
0.060550400
0.066117900
0.063376500
0.062947600
0.061459000
0.061523100
0.061276200
0.061089400
0.058128700
0.058898300
0.061063100
0.061427700
0.062160000
0.061971000
0.065070000
0.061273900
0.061891000
0.063565300
0.064848700
0.061228400
0.061621000
0.059635000
0.063091300
0.061921000
0.062713400
0.061383800
0.062083900
0.061451400
0.061719100
0.061143300
0.059142700
0.062207600
0.062385200
0.061674000
0.061561500
0.061574900
0.060641700
0.062417300
0.061525300
0.061558900
0.061235200
0.061923100
0.060756800
