3.455132700
3.789881000
3.461432700
3.435911000
3.468410400
3.471978500
3.468948400
3.485850300
3.478865200
3.474682800
3.467461800
3.484822700
3.457590900
3.441759200
3.482584000
3.469250500
3.765983200
3.476154600
3.474486700
3.465890700
3.477267500
3.465112600
3.467656300
3.471651800
3.474219400
3.464923200
3.480855000
3.444991700
3.430801600
3.433043600
3.442869900
3.436099900
3.427606400
3.464653500
3.433041400
3.441163500
3.491076800
3.681374200
3.513301300
3.457598800
3.459724800
3.459905500
3.476060500
3.451732000
3.463404100
3.441122900
3.462029300
3.476492300
3.470245200
3.443507800
3.449511200
3.447741300
3.433536700
3.446994000
3.434518000
3.472764900
3.470857800
3.598927200
3.459245100
3.460024200
3.439964800
3.470513400
3.470585400
3.478096700
3.476206800
3.485951800
3.497607800
3.479410400
3.450818900
3.449541900
3.455509900
3.483361600
3.618148800
3.552930300
3.466972500
3.446015400
3.469793200
3.461375000
3.472503000
3.464428500
3.472261200
3.471994200
3.475009600
3.452890400
3.451906600
3.458166300
3.438949200
3.441467400
3.458040900
3.477948500
3.441976600
3.675984300
3.512641000
3.468762100
3.476927600
3.472921600
3.478068500
3.477197500
3.463720600
3.491666800
