3.601343100
3.576325900
3.603963100
3.603221800
3.604208700
3.602149500
3.602381700
3.599581000
3.598622900
3.604427700
3.602707800
3.602045700
3.597652200
3.598424100
3.679521900
3.617621700
3.691764500
3.718859900
3.636547700
3.620618900
3.601798500
3.603123500
3.611003200
3.602270900
3.604691600
3.605284700
3.605506900
3.602613100
3.597334900
3.600463400
3.597570700
3.603350300
3.601814100
3.598533400
3.611101500
3.606492500
3.607207900
3.601190200
3.600839400
3.601362700
3.606776400
3.613103600
3.606829800
3.604992900
3.603441400
3.605963400
3.596143400
3.600176300
3.600477000
3.598733700
3.601442200
3.600591100
3.606865900
3.602649300
3.600902800
3.602977600
3.600056100
3.603171200
3.597037900
3.603931400
3.600515700
3.599631000
3.598484700
3.601670300
3.599219400
3.611103300
3.596983500
3.594473800
3.604292500
3.596727900
3.596983600
3.597755600
3.604551100
3.600559500
3.602721300
3.602164600
3.596573500
3.600661200
3.600889100
3.599904800
3.600037900
3.605363200
3.601159600
3.599113400
3.604289400
3.620047500
3.608989800
3.595110900
3.602092000
3.599886100
3.601880600
3.606446700
3.600974300
3.604991200
3.601311900
3.598936900
3.598572700
3.606411500
3.600275700
3.602112600
