3.449534600
3.391259800
3.455137600
3.456384600
3.446321600
3.445486900
3.446530100
3.446229500
3.442334000
3.443737600
3.443279700
3.442801500
3.442179400
3.440161100
3.445025200
3.445792500
3.447963900
3.451793200
3.445284500
3.442292700
3.452412000
3.440874500
3.443361400
3.446947000
3.447436300
3.450664500
3.443356000
3.454978000
3.444276700
3.437270100
3.443478600
3.441719300
3.444977600
3.441555700
3.445544400
3.447371000
3.440046700
3.443140300
3.452121400
3.446069800
3.447605800
3.446313000
3.445214500
3.447300500
3.456052100
3.450100100
3.448425500
3.442462800
3.444350900
3.443786600
3.450166200
3.450682300
3.446428800
3.439740800
3.442239800
3.450365400
3.445488800
3.451998300
3.452914200
3.436609000
3.454695000
3.453440700
3.459245200
3.460937900
3.446985300
3.465213500
3.467150200
3.461658600
3.455128700
3.446650100
3.447585400
3.446150000
3.450503700
3.452327100
3.443899800
3.445434700
3.449613600
3.448206600
3.453180900
3.442009400
3.447904100
3.442945400
3.451145700
3.447418000
3.448223500
3.447538600
3.447411500
3.444452200
3.454397200
3.452251200
3.454322700
3.443045000
3.447979800
3.445390600
3.440610000
3.452681400
3.447500100
3.453937800
3.449072000
3.442080900
