0.061061400
0.061598000
0.060743400
0.062035300
0.063115100
0.060351400
0.059963700
0.061192800
0.061782500
0.060280700
0.056160900
0.056164900
0.056176300
0.056192900
0.058201100
0.062922200
0.061278200
0.058273000
0.058225100
0.058372000
0.056172700
0.056144700
0.056179000
0.056132600
0.056988500
0.061013800
0.060549100
0.060679400
0.063832000
0.061447400
0.061461700
0.061964100
0.059108100
0.058243000
0.058234900
0.058287000
0.058266700
0.058282000
0.058194800
0.058250900
0.058470600
0.058207400
0.058281200
0.056211100
0.056134300
0.056146800
0.056149600
0.056136400
0.056151100
0.058658500
0.058555400
0.058206500
0.058245200
0.058255100
0.058237200
0.058198900
0.058271100
0.058303600
0.058278200
0.058285200
0.058513200
0.058378500
0.058211400
0.057671300
0.056899400
0.056160700
0.057789200
0.058220700
0.058254600
0.058288200
0.058206200
0.058430100
0.058222600
0.058164200
0.058263600
0.058241300
0.058204500
0.058262000
0.058232500
0.058246900
0.058216000
0.058338800
0.058277000
0.058218400
0.063582500
0.063076300
0.062852200
0.062812700
0.061051500
0.058227800
0.058283000
0.058493400
0.057481800
0.056552100
0.058256400
0.056181300
0.056140400
0.056160000
0.056183400
0.056145100
