0.062067200
0.060691900
0.063434000
0.063337700
0.061001900
0.058910400
0.058457600
0.059294800
0.059286200
0.060560600
0.060517700
0.062078200
0.061630800
0.062217400
0.061450300
0.061506600
0.061419000
0.061360300
0.061494500
0.062062600
0.062038300
0.061555200
0.062651500
0.062464300
0.061483600
0.064219900
0.059898400
0.059041600
0.058829600
0.058772100
0.058904400
0.059378200
0.059364400
0.058888500
0.059959200
0.059070700
0.059005100
0.059165100
0.060931300
0.064040000
0.064095500
0.063833000
0.062278100
0.058683600
0.059266800
0.063373000
0.060443900
0.058997500
0.059439600
0.060061700
0.058742700
0.059387700
0.058750100
0.059821600
0.059593700
0.059820500
0.059138600
0.059472700
0.058784100
0.061404800
0.062608900
0.064296400
0.062996700
0.063850000
0.063728000
0.062928100
0.063457300
0.063620800
0.062966000
0.063377000
0.063693100
0.063370900
0.063582900
0.063383000
0.063466400
0.064286200
0.064060100
0.063700600
0.064414800
0.064129600
0.064371600
0.064299600
0.064050700
0.063771900
0.064165900
0.063950600
0.063916700
0.063882600
0.063872000
0.063661300
0.065659000
0.061304900
0.058740800
0.058768400
0.059820100
0.058789000
0.059743500
0.059189800
0.059308100
0.061491500
