0.067901100
0.065779400
0.065998100
0.066215300
0.065877800
0.065757300
0.065701200
0.065789700
0.066963000
0.065829000
0.065749100
0.065766300
0.065823800
0.068434700
0.067365900
0.066534000
0.066106200
0.066519700
0.066549900
0.066445200
0.065733200
0.065786600
0.065750700
0.065719600
0.065771200
0.065753700
0.065778200
0.065861900
0.065787500
0.067016300
0.066426500
0.065811100
0.065826600
0.065919800
0.065952400
0.065869500
0.065850600
0.066723900
0.066485100
0.066321900
0.067080700
0.068057500
0.068066400
0.067983600
0.068569300
0.066912000
0.065776600
0.066380100
0.065929200
0.065867500
0.065847800
0.065879700
0.065865700
0.065863300
0.065905800
0.065832400
0.066290700
0.065887400
0.065821600
0.065812300
0.067142600
0.065884900
0.065855200
0.065918300
0.065943500
0.065799700
0.065771800
0.065788600
0.065639400
0.065799100
0.065746900
0.065806000
0.065794100
0.065802100
0.065769600
0.067011600
0.065924200
0.065872600
0.065799200
0.066077700
0.065933600
0.065811300
0.065918900
0.066225200
0.065844100
0.065858400
0.065853400
0.065859300
0.065822200
0.066095100
0.066046200
0.066849800
0.066465600
0.065806200
0.065833100
0.065785000
0.065732600
0.065750900
0.067859300
0.065911400
