6.566741000
6.612050500
6.607808500
6.603972300
6.603114600
6.564832000
6.569432600
6.588095500
6.594471200
6.599934200
6.573551800
6.610386100
6.553757600
6.539989100
6.570761000
6.549532500
6.545119200
6.574827600
6.595314700
6.568077800
6.553554900
6.593372400
6.580985600
6.607711200
6.594276200
6.594689100
6.585508300
6.595947200
6.570280600
6.579795800
6.614016000
6.582064700
6.588402300
6.574756600
6.572719500
6.615255300
6.609079400
6.631428900
6.572703700
6.585592100
6.612580300
6.588125400
6.548863700
6.577837500
6.594917900
6.599847400
6.571779300
6.627317800
6.611256000
6.583526700
6.631654600
6.581194500
6.597266100
6.587335600
6.622273000
6.582736300
6.575225700
6.627599800
6.602208100
6.577768500
6.617855700
6.583554600
6.586298600
6.638823100
6.556500800
6.554425700
6.581957800
6.550206900
6.577993400
6.569246100
6.561054700
6.578189500
6.548213600
6.548425000
6.560013500
6.575007600
6.601517100
6.511762700
6.542823800
6.524527400
6.546510700
6.547572200
6.572093800
6.553816700
6.574251200
6.597236800
6.524971600
6.577484900
6.555301000
6.560653800
6.559298500
6.537921900
6.547465300
6.519210500
6.540554700
6.548173100
6.557333600
6.581361900
6.536687000
6.553896800
