10.967626900
10.949979500
11.168536600
11.021923300
10.910574000
11.361936100
10.796916500
10.739241600
11.104417000
11.065877400
11.283139300
10.472486000
10.479944000
10.536528400
10.549304400
10.539269500
10.528740400
10.468723000
10.547853600
10.589378900
10.514277000
10.462440700
10.369707900
10.439625700
10.418844600
10.640381200
10.504027200
10.410231800
10.439009300
10.380532400
10.452151500
10.520425900
10.433276300
10.492650600
10.435273800
10.553926900
10.496849000
10.519483500
10.543411200
10.562660300
10.477653200
10.507905300
10.570309900
10.489874500
10.606212700
10.528343300
10.472630000
10.493719500
10.520123900
10.509168400
10.510434200
10.515074100
10.579466700
10.513015700
10.463942400
10.482772300
10.490278900
10.460960600
10.547367100
10.522546600
10.445941600
10.501827000
10.450436900
10.501446500
10.578909800
10.458960100
10.523601300
10.499067300
10.460130600
10.497936100
10.457675200
10.518555200
10.551731900
10.549705000
10.530711600
10.454395800
10.513787200
10.453941900
10.520491900
10.495407500
10.475450800
10.506865000
10.608701500
10.505572600
10.485407800
10.493776100
10.460287400
10.479601600
10.515269000
10.481206500
10.562711600
10.461945200
10.398290800
10.486821500
10.549932200
10.443115500
10.487066200
10.408236900
10.549391500
10.606810100
