5.837520400
5.838843500
5.860168800
5.904553300
5.833655700
5.893298800
5.877354200
5.828283200
5.837770100
5.866637600
5.855415700
5.856993900
5.836247000
5.909018500
5.832560400
5.893905700
5.892416500
5.879286100
5.905031000
5.930893900
5.913687000
5.869229600
5.885768800
5.936753700
5.920260300
5.971718400
5.950938500
6.003081800
5.938539200
5.856659800
5.872243400
5.867111400
5.855530400
5.920747800
5.972824800
5.900852900
5.848105800
5.911052500
5.911967000
5.896855400
5.849562800
5.847287600
5.876322100
5.863139900
5.853656600
5.927822500
5.898398100
5.991461900
5.981246100
6.015225300
5.880304400
5.817494300
5.861330400
5.798311800
5.854754400
5.899546300
5.805480300
5.834878900
5.821013200
5.880916700
5.924434900
5.868604500
5.895196800
5.882673900
5.841713200
5.895623100
5.873716400
5.872171600
5.760420300
5.861370100
5.967293600
5.889265600
5.895818600
5.834517200
5.859948200
5.829472300
5.918692500
5.861323300
5.939624600
5.905628600
5.870664500
5.879618800
5.850376000
5.817214300
5.828092200
5.851940800
5.824721800
5.829346100
5.852057500
5.898296700
5.845966300
5.916892200
5.875450800
5.850896100
5.849302600
5.855503000
5.874010000
5.872672900
5.878366700
5.867695000
