0.000261800
0.000254200
0.000250500
0.000250500
0.000250600
0.000250500
0.000250500
0.000250500
0.000253800
0.000250600
0.000250500
0.000250500
0.000250500
0.000250900
0.000338800
0.000250500
0.000255400
0.000250500
0.000250500
0.000250500
0.000250900
0.000250600
0.000250500
0.000254200
0.000253900
0.000250500
0.000250600
0.000250500
0.000250500
0.000250500
0.000257800
0.000253900
0.000250500
0.000250500
0.000250500
0.000250600
0.000250600
0.000250500
0.000250500
0.000253600
0.000253900
0.000250600
0.000250500
0.000250500
0.000253900
0.000250500
0.000250500
0.000253400
0.000250900
0.000250600
0.000250500
0.000250500
0.000250800
0.000250500
0.000250600
0.000253900
0.000250500
0.000250600
0.000250600
0.000250500
0.000250800
0.000250500
0.000252400
0.000250600
0.000250900
0.000250600
0.000250600
0.000250500
0.000250800
0.000254100
0.000250600
0.000250600
0.000254200
0.000250500
0.000250600
0.000250600
0.000254200
0.000253800
0.000250600
0.000250500
0.000301800
0.000250500
0.000250600
0.000250500
0.000257800
0.000250600
0.000250500
0.000250500
0.000250500
0.000250600
0.000250600
0.000254300
0.000250600
0.000250700
0.000290400
0.000250900
0.000253900
0.000250500
0.000250600
0.000254200
