0.076828000
0.074015600
0.074542600
0.074528800
0.074631600
0.075848800
0.074533100
0.075505000
0.074658100
0.076682200
0.074561000
0.074564100
0.076066200
0.074636700
0.074509200
0.074521100
0.074504400
0.074484000
0.074549200
0.074548000
0.075562800
0.074538200
0.074581600
0.074473800
0.074525700
0.074510600
0.074519600
0.075204100
0.074509300
0.074542100
0.074516300
0.074513800
0.074519300
0.074542800
0.075643800
0.074484300
0.074471400
0.074474300
0.074507600
0.075012100
0.074500100
0.075064700
0.074489300
0.074466600
0.074494000
0.074547900
0.074516800
0.075359400
0.074503500
0.074498900
0.074507600
0.074501800
0.074492400
0.074501600
0.074487000
0.074494400
0.074503700
0.074530400
0.074505500
0.074476000
0.074494100
0.075740400
0.074638500
0.074516000
0.074520100
0.074535500
0.074477700
0.074514600
0.074539000
0.074505600
0.074484400
0.074474900
0.074554000
0.074481300
0.075325200
0.074655600
0.076358700
0.074546600
0.074594200
0.074530400
0.074972700
0.074524600
0.074531800
0.074516700
0.074542200
0.074583400
0.074513100
0.074519500
0.075874500
0.074504200
0.075038200
0.074496100
0.074505800
0.074483300
0.074453100
0.074452100
0.075031000
0.074615200
0.074582500
0.075253900
