2.059648459
2.049627742
2.059971142
2.049118638
2.052076500
2.061251354
2.052144293
2.050495540
2.051600405
2.053279983
2.052194481
2.056914887
2.051858185
2.058363109
2.051145287
2.050564728
2.055240082
2.052542730
2.052484040
2.053324780
2.052601038
2.050099473
2.051273484
2.052131383
2.047542622
2.055580464
2.060824027
2.047696582
2.049859319
2.054259723
2.050762266
2.056948466
2.050686317
2.058553666
2.054662341
2.049311430
2.051506607
2.055049454
2.053102989
2.053742815
2.056908211
2.051812473
2.054431559
2.055049934
2.050449350
2.054332375
2.056388468
2.053562338
2.059442759
2.053105753
2.055128020
2.055054629
2.055416237
2.052335825
2.054874134
2.052183637
2.062453643
2.052758860
2.052827657
2.054439313
2.068074528
2.056776587
2.051363118
2.055499364
2.051206649
2.057596111
2.050849021
2.055604018
2.065117343
2.055425150
2.053604769
2.053725718
2.050175922
2.050672528
2.048279457
2.052602184
2.048163953
2.055539725
2.050860580
2.048835555
2.061105951
2.053894463
2.053579499
2.048980437
2.053693939
2.054530363
2.053187825
2.052523744
2.052048281
2.051440480
2.063029819
2.050140850
2.052344741
2.051911183
2.051794893
2.051109318
2.053354520
2.051619819
2.052536120
2.052807287
