2.054542573
2.048921378
2.054839985
2.053492199
2.053510925
2.049928030
2.051366353
2.047833657
2.054981440
2.051427703
2.056865094
2.058704537
2.050690027
2.049944457
2.050446330
2.051079487
2.056754810
2.053764390
2.053719725
2.047123411
2.057981428
2.055791870
2.051890827
2.053562069
2.046671985
2.051029256
2.061457622
2.050772803
2.051977218
2.053071017
2.050756466
2.052342024
2.049555411
2.050444080
2.051521594
2.050854726
2.049924334
2.051139584
2.050859994
2.050011560
2.051787143
2.050873943
2.055909249
2.055576946
2.051724338
2.054600522
2.049761696
2.051929112
2.056997963
2.067463183
2.053832399
2.052553554
2.050023519
2.051637047
2.052637283
2.055889711
2.055765929
2.052661426
2.055785233
2.048641071
2.054916402
2.057290294
2.056188970
2.053520953
2.052260366
2.051077166
2.050844590
2.049907014
2.062012450
2.050886719
2.050259510
2.051648863
2.052145665
2.057793417
2.053453803
2.050040768
2.053713259
2.054572496
2.053279028
2.057659057
2.052610161
2.052129373
2.050486185
2.049233162
2.049783462
2.058933081
2.052753873
2.050763899
2.057952040
2.050500809
2.051933793
2.055144538
2.052472355
2.054592175
2.050230904
2.049975680
2.046528563
2.050191280
2.058814779
2.049691051
