2.233736453
2.244270898
2.232591604
2.232721831
2.230013098
2.231970457
2.232287520
2.232705254
2.232594882
2.242156460
2.232232215
2.229179378
2.229298542
2.231358785
2.231513202
2.239063944
2.229187644
2.233155130
2.232234515
2.232996749
2.228866285
2.231644205
2.230795866
2.232514959
2.228233278
2.230688170
2.239013115
2.234490419
2.242009769
2.230300512
2.233386901
2.228156861
2.231277878
2.242652098
2.229257508
2.237083123
2.231570814
2.228836262
2.235079810
2.229310798
2.230556565
2.230262661
2.233350399
2.235209759
2.238885453
2.229745863
2.230710112
2.242848203
2.227883399
2.231407059
2.240885440
2.233421353
2.228950433
2.233544266
2.235215533
2.238657371
2.231162304
2.232991310
2.229437766
2.229125366
2.231298089
2.230878773
2.232678915
2.237213280
2.232097499
2.230715258
2.232661620
2.230576252
2.232774381
2.234207932
2.232060076
2.231265625
2.228547738
2.233594000
2.231393204
2.229463800
2.231859541
2.236483513
2.235528077
2.229754727
2.233572712
2.233281603
2.242067948
2.234479494
2.229233701
2.231109484
2.231735678
2.230337996
2.239082509
2.232835466
2.231761824
2.231511693
2.231722978
2.229990234
2.232737067
2.232292261
2.232849766
2.233122670
2.233380164
2.229719144
