11.525329600
8.151957600
7.996366100
7.875099900
7.869632700
7.980443400
8.089210500
7.839503300
7.984353000
12.196282900
7.962216300
8.210225800
7.927672700
7.868660600
7.901924000
7.983368100
7.992655600
8.479288000
7.884846300
8.126655700
7.973928000
7.956004600
12.801016100
7.904615300
8.089170700
7.986934800
7.912164800
7.941620600
8.149098600
7.947391500
8.469623100
8.046987100
8.074019700
7.901956100
8.132441000
8.230497300
8.133145600
8.545962100
8.050665900
7.920508200
7.763956000
8.286128100
7.942940900
7.854319300
7.770300900
7.792435800
7.801896400
7.749248400
7.787084700
8.071028700
8.075528000
8.021669900
8.394389400
12.887553800
8.316932900
8.301154100
7.868496000
8.140402700
8.655812000
8.015699800
10.418038200
8.312429300
8.207231500
8.280077900
8.185020000
12.110207800
7.877583300
7.870876800
7.934262100
8.158355800
8.127434400
8.148413100
8.511137000
8.059169800
8.002007800
7.929667900
8.123167300
7.845097000
9.025208900
8.353485600
8.068215000
7.842012500
7.886854400
8.148328300
7.960255600
11.934810800
7.925637800
7.876655600
7.763499900
10.089126600
9.983001100
9.828956800
9.371704900
9.492678300
9.465031300
10.286465600
10.155831300
10.511247600
9.661965700
10.424670400
