0.026580500
0.025285100
0.025716500
0.025148400
0.025158400
0.025162000
0.025150500
0.025173900
0.025144300
0.026335500
0.025189700
0.025188100
0.025159400
0.025174700
0.025181700
0.026072100
0.026360300
0.025223200
0.025161800
0.025842000
0.025349700
0.026280000
0.026185300
0.025161300
0.025903000
0.025879100
0.025164800
0.026662800
0.025731000
0.025735200
0.025138300
0.025146800
0.025146000
0.025171200
0.025169100
0.025141200
0.025140700
0.025169700
0.026202600
0.025143700
0.026023600
0.025162600
0.025133400
0.026203500
0.025179300
0.025158600
0.025188900
0.025165000
0.025169100
0.025131600
0.025166200
0.025161600
0.025128200
0.026402900
0.025190100
0.025147900
0.026434700
0.025713000
0.025997300
0.025154000
0.025160400
0.025176700
0.025147700
0.025146200
0.026060700
0.025203400
0.025152700
0.025145900
0.025178000
0.025155400
0.025157200
0.025143200
0.025143300
0.025135400
0.025133100
0.025134500
0.025156000
0.025167800
0.025159800
0.025153600
0.025922300
0.025153700
0.025138700
0.025170100
0.025122300
0.026124700
0.025167200
0.025157700
0.025159000
0.025141800
0.025185500
0.025144700
0.025158800
0.027095700
0.025207800
0.025547100
0.025179300
0.026137500
0.025190700
0.025169100
