7.106864300
6.992629000
7.156533300
7.222541300
7.128669500
7.126405900
7.101115900
7.110764100
7.183574600
7.140833000
7.088560600
10.002954500
10.384181600
7.209953600
7.166921600
7.109648900
7.119224500
7.122449400
7.179376300
7.105103800
7.114010900
7.140394200
7.067952700
7.122247200
7.160330200
7.122790400
7.388309900
7.378515000
7.266262600
7.225754000
7.274754100
7.243719700
7.148750700
7.329333500
7.372107000
7.390132400
7.275041700
7.359674300
7.288101800
7.189880600
7.159828400
7.113079400
7.091651200
7.106000600
7.079280600
7.120535800
7.118553800
7.089536700
7.143366700
7.163037200
7.287930700
7.418176600
7.116966700
7.167850200
7.135334500
7.161521000
7.727961700
8.670410500
12.634496600
7.085412500
7.130184900
7.100463700
7.814857500
8.252187100
7.210962800
7.074612200
7.164290700
7.104441200
7.087534100
7.170737300
7.100644200
7.048643900
7.076096900
7.009161400
6.981541900
6.989665300
6.936831800
7.014168000
6.974402900
7.133211100
7.059038900
7.041197900
7.090481400
7.175676800
7.059516200
7.057046700
7.060644000
7.002682900
6.955316300
6.966913000
6.996604400
7.009365300
6.908263000
7.003547100
7.036144500
7.023383000
7.104764000
7.123812600
7.091452600
7.208808400
