8.667349700
8.626023000
8.655833100
8.684556300
8.659606700
8.658141400
8.664586300
8.668307800
8.681147200
8.686373700
8.671962600
8.677612400
8.670518300
8.670497000
8.684355500
8.670810100
8.660020800
8.671477900
8.655781400
8.651463700
8.663985200
8.660342700
8.668951100
8.656771200
8.676883300
8.669295800
8.662599000
8.669194100
8.658186700
8.673454600
8.661973000
8.689879400
8.664660200
8.660485500
8.672918000
8.661524900
8.653906300
8.666894800
8.660533400
8.655723700
8.664100000
8.665101500
8.681025400
8.661111800
8.658766300
8.746379300
8.776738300
8.799823300
8.806965500
8.799776800
8.784822700
8.786539100
8.797847900
8.785360200
8.778262200
8.791589600
8.779760600
8.777099900
8.799248800
8.792585300
8.791275600
8.780444000
8.801561200
8.790178500
8.813611900
8.838629300
8.798818500
8.763330900
8.679411700
8.698225600
8.680299000
8.664406000
8.693657600
8.679604100
8.686513300
8.686457100
8.671838700
8.684660700
8.685603200
8.681386600
8.680268300
8.672570000
8.662703800
8.673609200
8.678230000
8.661263200
8.670562100
8.661973700
8.687532400
8.685386500
8.683985200
8.692115300
8.676452200
8.691601800
8.668775900
8.665017200
8.678340100
8.674809000
8.689318100
8.684660300
