6.940901900
7.391789500
7.385686700
6.985739200
7.408707300
6.981542700
6.886856900
6.886281000
6.881661400
6.898866300
7.330385400
7.069391800
6.982286900
7.371376000
7.072868700
6.919732400
6.988098000
7.396655700
7.050650000
6.939560800
6.939165800
7.353830300
6.955953500
6.871936800
6.943154100
6.903472200
7.308810300
7.044344300
6.913223500
7.326061900
7.059529200
6.950378500
6.940805600
7.354498800
7.073920100
6.943222100
7.437409200
7.009855300
6.983892100
7.394257300
6.942691400
6.874764500
6.870100900
6.888694300
6.893683900
6.862267800
6.874621800
6.899258500
6.922524500
7.010014900
7.301504500
6.900372500
6.872257900
6.875088700
6.845920100
6.839430600
6.994927600
7.013207700
7.006179200
7.003098700
6.999418000
7.006466000
7.005451800
7.025981600
7.001482000
7.166831300
7.048047300
7.022835600
7.033534200
7.051062100
7.044862800
7.015565700
7.028814500
7.026853300
7.013617000
7.045197800
7.033343100
7.021885100
7.017438100
7.012494000
7.015823500
7.015574500
7.017263900
7.033112300
7.017085600
7.029569100
7.032421200
7.413625600
7.078742200
7.013007500
7.031343500
7.014206500
7.009343900
7.008826000
7.014591900
7.071576500
7.035218600
7.039985800
7.045418200
7.059921000
