13.643496500
13.556072500
13.425060100
13.575383600
13.646946300
16.691941000
13.636175900
13.574274200
14.500870700
14.002747300
13.613200100
13.367329500
13.405985500
13.459754200
13.413996800
13.356274600
13.350318100
13.345719600
13.432303100
13.566914400
13.541450200
13.369719900
13.373471400
13.423206600
13.529622300
13.364219800
13.351930800
13.705959700
13.525112200
13.670077700
13.601130400
13.535555300
13.518141500
14.104699200
17.435868700
14.913967800
14.464230000
14.433840000
14.768121500
14.317740100
14.361502000
14.385799100
14.194316300
13.532890000
13.339301800
13.485783900
13.513938400
13.549345800
13.586939100
13.608412900
13.495805500
13.549744400
13.667302600
13.711419300
13.664958600
13.649921500
13.849221200
13.672038500
13.532633400
13.496239200
13.477824000
13.603707700
13.699169200
13.671326900
13.537167200
13.538718600
13.553445000
13.611172400
13.554023500
13.575610300
13.625573500
13.725064400
13.581458700
13.563306300
13.653244000
13.682396800
13.580086700
13.564152800
13.562894300
13.692689800
13.685351600
13.565911900
13.510058900
13.497860900
13.720384100
13.666837300
13.652919000
13.710892000
13.518729900
13.582275600
13.459460400
13.476146500
13.541605100
13.590497300
13.666594100
13.674615200
13.595359400
13.587438700
13.604467300
13.485943300
