13.458069400
13.649342600
13.411120200
13.912434600
13.580155100
13.861626200
13.564734100
13.441344600
13.493596600
13.321160000
13.418157100
13.359521600
13.325089600
13.543613600
14.279987000
13.757791000
13.641254400
13.505561200
13.592256200
13.544688000
14.262613400
13.849135500
13.642961900
13.712875300
13.853958500
13.884463800
14.112336400
14.932124400
13.731194800
13.987549200
14.081207800
13.958096200
13.885584200
14.883741200
14.354941900
14.029156600
13.944293900
14.009170700
13.879853000
13.823273800
13.804753200
13.791698300
14.076445400
13.752746500
13.844570100
13.804989300
13.755921700
13.759202700
13.831000800
13.751835300
13.769795300
13.785237900
13.806351200
13.780065300
13.693547000
13.770302500
13.726367000
13.755576600
13.778354900
13.695872800
13.767734800
13.764896600
13.788105800
13.822518600
13.844733100
13.818381300
13.781470100
13.744214600
13.785501300
13.797548700
13.786473400
13.782070500
13.762688700
13.766124500
13.795006700
13.803991100
13.843677300
13.801702600
13.788361200
13.820698000
13.875950800
13.837087800
13.818346400
13.771915100
13.806265600
13.816833300
13.842855600
13.848470100
13.794854000
13.825185900
13.790263100
13.772084700
13.817526800
13.773932000
13.740485800
13.809049200
13.826149400
13.754911300
13.780055800
13.758319900
