15.416071300
15.498112500
15.495294300
15.466566400
15.527862600
15.445650600
15.406839200
15.432703000
15.489454600
15.536086500
15.591407700
15.872916700
15.539755500
15.515201800
15.678464300
16.014778800
15.666188600
15.701817300
16.111735400
16.236410800
16.165940800
16.119551000
16.094262200
16.135604900
16.166748200
16.109786700
16.184540700
16.261506800
16.257919400
16.028412300
16.129330700
16.174425100
16.153158000
16.150082200
16.102602500
16.069867400
15.989173500
15.838542700
15.867531600
15.782363800
15.742299600
15.896788800
15.901185000
16.048697000
16.026146200
16.034730400
16.097835700
16.052933500
15.994932500
16.104088900
16.034981400
16.114606000
16.021410000
16.098695500
16.208529300
15.953547000
15.895300600
15.855261800
15.933163700
15.801347400
15.898944100
15.945573200
16.037604600
15.914560800
16.083646400
15.845343900
15.924128400
15.859426900
15.941859600
15.848728400
15.911829000
15.884973900
15.915487000
15.866068400
15.891361700
15.918421800
16.370327400
16.333045800
16.238673600
16.310191200
16.206013300
16.202631500
16.192079400
16.208799300
16.244634800
16.254856000
16.170720100
16.258193600
16.215584200
16.179481100
17.362012600
23.063037600
18.029006700
27.145947800
27.186359100
28.778157100
21.417732800
20.222805300
16.708215900
22.647685800
