1.102122544
1.083912962
1.077082158
1.109411359
1.083012831
1.081468504
1.075982487
1.076376816
1.090647853
1.087149999
1.066404472
1.075379325
1.077039136
1.062001866
1.078119830
1.071649755
1.079838737
1.099822648
1.097275978
1.059058221
1.124603032
1.086099492
1.089870816
1.077756059
1.083553999
1.069473608
1.074067157
1.065578300
1.068077045
1.077903659
1.077500608
1.073374384
1.069037492
1.074665532
1.084942012
1.078042291
1.074015042
1.076788619
1.077817620
1.099998532
1.069345300
1.079607100
1.075346833
1.061574739
1.079369123
1.074777630
1.082670890
1.079389723
1.081470498
1.076389856
1.084059179
1.073881968
1.074795686
1.106482667
1.074222141
1.074297724
1.071413706
1.074412287
1.082697765
1.072370360
1.069916456
1.082328209
1.077440195
1.081338692
1.075423493
1.083046820
1.072700847
1.080795590
1.076718727
1.082754157
1.071975524
1.082996378
1.079083880
1.074028937
1.094307803
1.082409107
1.104396700
1.081198436
1.086567222
1.090141080
1.070346734
1.080029536
1.073881409
1.075204308
1.077669039
1.097264194
1.062464351
1.095308588
1.069273117
1.071623451
1.076424445
1.066313858
1.087929845
1.070892891
1.065632362
1.086684213
1.073188710
1.081800554
1.078905708
1.086951482
