1.079206131
1.078436794
1.080379106
1.064999296
1.083767216
1.071818848
1.086024319
1.072857672
1.064911340
1.080546767
1.073802071
1.068576362
1.062682455
1.072002802
1.076793877
1.101233438
1.061704995
1.066583333
1.067848625
1.074813974
1.084782592
1.079108063
1.073385223
1.093930316
1.070888864
1.062755599
1.095689295
1.069765283
1.078737576
1.079188620
1.073395968
1.072164759
1.064213100
1.065007523
1.078618507
1.101946359
1.094166583
1.080626426
1.080442497
1.070885785
1.068392697
1.077475437
1.079695547
1.072456066
1.124887931
1.063907015
1.097336405
1.072542242
1.074468081
1.070762969
1.063710139
1.063233651
1.073029345
1.081055776
1.067667494
1.070765554
1.066251183
1.097378155
1.079184321
1.057012246
1.089943200
1.103213231
1.068591683
1.063563024
1.061804343
1.073839720
1.067562723
1.078788016
1.074715199
1.057837805
1.075236055
1.075794486
1.061222562
1.085651133
1.079697011
1.072581640
1.062910852
1.061971957
1.073447792
1.075225906
1.072103660
1.098894647
1.104410692
1.078644414
1.079515930
1.075951411
1.071772707
1.101369987
1.071920907
1.071712490
1.071588333
1.096211287
1.071813832
1.083834166
1.074876619
1.077026823
1.086754122
1.068576429
1.076263498
1.078274779
