0.731963895
0.735491977
0.733427528
0.726913326
0.726958444
0.739578829
0.725370832
0.721549593
0.732775211
0.724857050
0.725277164
0.722735483
0.731754045
0.723022276
0.729023448
0.731853037
0.724505044
0.735330146
0.729279565
0.727967160
0.732346900
0.728369389
0.725898750
0.728905088
0.729714741
0.730171179
0.738711959
0.729837090
0.728318354
0.727593560
0.725403217
0.734061781
0.726883701
0.730751673
0.732060752
0.721364916
0.725227978
0.729312786
0.727728365
0.727883740
0.727337232
0.730995825
0.728638811
0.730623583
0.725208369
0.727258651
0.724789958
0.728445927
0.726981723
0.731331692
0.720935135
0.729495176
0.729947260
0.730604836
0.727362292
0.728974110
0.727591667
0.726585806
0.734664327
0.733491558
0.720287319
0.726479860
0.729025519
0.734981048
0.728691379
0.721302704
0.723938755
0.730537298
0.732118678
0.725762725
0.733551867
0.727865037
0.724934066
0.725940314
0.729656613
0.729643884
0.724568251
0.732297582
0.737380074
0.730712004
0.724780235
0.731178445
0.741289790
0.726237915
0.728237199
0.723631816
0.732024374
0.731782759
0.727850750
0.723647785
0.730391595
0.726879283
0.731675122
0.730054702
0.727306621
0.730844118
0.728538304
0.728989272
0.725595134
0.725525957
