3.478289800
3.437156200
3.486873900
3.489732300
3.483967700
3.494459100
3.476918700
3.466843700
3.477181000
3.456600200
3.458257000
3.446740100
3.452562900
3.456851100
3.458966400
3.478509200
3.476867100
3.701445300
3.460359900
3.468632500
3.490737400
3.472515700
3.495354000
3.511782200
3.494013500
3.488535700
3.468163900
3.458662900
3.477410900
3.494560300
3.480929100
3.707796800
3.484229700
3.473566000
3.461918500
3.488351200
3.484062000
3.477947200
3.495658700
3.485281100
3.489820100
3.504904400
3.463207100
3.451808500
3.449589600
3.449071200
3.445104600
3.440384300
3.465075200
3.461830700
3.452583500
3.470299900
3.466964000
3.491909200
3.664483700
3.488928600
3.478977300
3.475820600
3.483924200
3.480366000
3.494642400
3.483130600
3.500351100
3.455979700
3.449446900
3.465180200
3.469756900
3.452223600
3.454787900
3.457866900
3.456253300
3.450288100
3.466830200
3.468519200
3.462665500
3.578895000
3.462624700
3.486680500
3.467403400
3.456974400
3.461444200
3.455196900
3.462271100
3.466763000
3.464362500
3.482730300
3.490450700
3.550374600
3.491843300
3.471396600
3.517227800
3.479566300
3.483639600
3.509836900
3.483004800
3.494931200
3.470775500
3.540416700
3.661178600
3.511779900
