3.603657900
3.559260400
3.607082900
3.605081700
3.598336200
3.606189800
3.608318800
3.596537400
3.610575700
3.602529500
3.604296100
3.620925800
3.612864300
3.606906400
3.597170600
3.609975500
3.590332300
3.603645400
3.732709900
3.615455100
3.646745000
3.647907300
3.636617900
3.648636000
3.591896700
3.600524100
3.731325300
3.630046000
3.695874100
3.695412000
3.668277200
3.684475600
3.648342900
3.683908300
3.640686900
3.638808500
3.604510100
3.615544400
3.616806000
3.607347600
3.605086500
3.588736900
3.601964500
3.599390100
3.595652100
3.604672200
3.597206700
3.606011000
3.606071000
3.620137600
3.627313000
3.592546100
3.592523600
3.587924500
3.594648800
3.593464200
3.590569300
3.598582000
3.599234100
3.595887500
3.593985600
3.595467600
3.591017000
3.589172400
3.579783200
3.590820900
3.587595800
3.586079300
3.594361000
3.591471900
3.599253000
3.587888300
3.594282200
3.584551500
3.586638700
3.586964400
3.588695300
3.599053300
3.593689500
3.595993000
3.592029300
3.590712600
3.589017200
3.610173000
3.602357100
3.590336700
3.617104200
3.601682600
3.609553900
3.611829900
3.608414600
3.605572900
3.596991500
3.602535100
3.614124000
3.602941800
3.614429100
3.598841100
3.606898200
3.600526500
