3.441841500
3.380430400
3.441190600
3.436850300
3.432709200
3.434091600
3.434426900
3.429475300
3.436396600
3.439396000
3.439526400
3.441865600
3.449994500
3.439919500
3.447603700
3.442688100
3.439589800
3.438267500
3.449873600
3.435769700
3.438839600
3.433904300
3.433939800
3.430757100
3.430440100
3.433529600
3.429289700
3.429428700
3.432306200
3.429261900
3.439930600
3.433158100
3.431184600
3.430981900
3.437344400
3.433696900
3.427240700
3.437713000
3.434206400
3.428978300
3.432280100
3.430293900
3.427661800
3.432269100
3.435168900
3.428270400
3.430872500
3.438786000
3.431814600
3.435906400
3.436132200
3.436699500
3.433346000
3.438841200
3.431294900
3.431415000
3.432531400
3.432624000
3.430046700
3.432028900
3.435281100
3.434823800
3.433450400
3.429603300
3.428124200
3.438219700
3.429935700
3.429347300
3.432435700
3.438629900
3.430590100
3.438916000
3.433276800
3.433960700
3.427743600
3.428214200
3.434241700
3.431760400
3.434122000
3.438156700
3.429637100
3.431950800
3.442047900
3.427908800
3.436900900
3.436939500
3.430630800
3.434891500
3.434805200
3.442940900
3.433655200
3.431677600
3.433689800
3.429351200
3.431929800
3.430101300
3.431025000
3.432989300
3.434643700
3.431817600
