0.071551281
0.072749085
0.072168460
0.073551905
0.074690654
0.076904742
0.073513287
0.073260110
0.073833936
0.074230110
0.071039789
0.074374774
0.073892122
0.072081525
0.072598108
0.073891725
0.073603338
0.070845166
0.072586915
0.072048386
0.071959830
0.072945772
0.072167450
0.071193161
0.071797676
0.072204328
0.073595342
0.071538308
0.071240776
0.072769478
0.072395386
0.070036352
0.071418621
0.075300173
0.081331855
0.072590492
0.072325670
0.071262929
0.073450878
0.072171948
0.071282666
0.071579502
0.070141802
0.072812033
0.070327426
0.071919517
0.073724289
0.072975564
0.070989849
0.072072679
0.072431495
0.072576151
0.071122797
0.074094200
0.071407735
0.073403236
0.073307852
0.071554563
0.070800341
0.074380680
0.072785944
0.072869273
0.072789179
0.073639217
0.074028826
0.071883669
0.072354740
0.074127038
0.072852051
0.072527888
0.072585062
0.072579581
0.072959289
0.073941952
0.074143600
0.072787999
0.073301689
0.072934017
0.072139795
0.073263422
0.071733614
0.073253051
0.072202035
0.072637106
0.072240868
0.073183078
0.073364324
0.070818705
0.072993337
0.073612175
0.071504959
0.073227143
0.074145614
0.073293198
0.072832338
0.072881926
0.071843503
0.074127023
0.072634696
0.073171638
