0.073570619
0.072946909
0.074276767
0.072196212
0.075707056
0.073286034
0.073523245
0.073003636
0.073372647
0.074458001
0.073502695
0.071280693
0.073691284
0.074020164
0.073002555
0.073449063
0.072876725
0.075000683
0.073728490
0.072517403
0.071251151
0.071951387
0.073161848
0.074153487
0.070938061
0.071499248
0.072730438
0.073019202
0.070986313
0.072839410
0.074812866
0.074205001
0.072152009
0.071669687
0.071760008
0.073868741
0.073482538
0.072719937
0.074040418
0.073761127
0.074759896
0.075996627
0.075490165
0.076163168
0.075134107
0.071912463
0.075078506
0.071403845
0.072358851
0.072411421
0.071518795
0.074300553
0.072219908
0.071586102
0.071253429
0.074060351
0.072684500
0.072561166
0.071713840
0.073360961
0.070819290
0.074236867
0.073764956
0.073228209
0.073072264
0.074066988
0.071866781
0.070946208
0.073045838
0.070205139
0.072923781
0.072329511
0.072219206
0.072319744
0.071464106
0.072271556
0.073329478
0.074330605
0.073334412
0.073051829
0.071688599
0.072773992
0.073814454
0.076847084
0.075422008
0.072632623
0.072369112
0.072167167
0.072929533
0.071583863
0.073118797
0.072473465
0.071931199
0.072479446
0.072024157
0.072145166
0.074718739
0.074322414
0.072861021
0.072648669
