0.075881338
0.071862720
0.073223126
0.071757650
0.074120896
0.075611772
0.073282148
0.073834578
0.075126579
0.072873100
0.073943620
0.072580524
0.073945909
0.073100583
0.072347917
0.072832062
0.073643214
0.072350487
0.073783501
0.074205292
0.073907707
0.073168567
0.072690223
0.080960859
0.073689101
0.075300033
0.072978371
0.074634748
0.072366422
0.073440548
0.072988560
0.071386093
0.074462603
0.074896385
0.073874103
0.074456108
0.074471990
0.071720328
0.071278194
0.073216958
0.072852907
0.074637653
0.074985461
0.073103386
0.072864494
0.073343333
0.072139035
0.075030911
0.071905667
0.072812023
0.073190133
0.072921391
0.071494355
0.073221531
0.073666680
0.072407545
0.074295018
0.073155156
0.073716905
0.073821147
0.073700849
0.076170878
0.073230925
0.073366548
0.074426603
0.073520630
0.072568863
0.072824307
0.073478642
0.075151721
0.074131232
0.073354430
0.074256609
0.073449515
0.073474322
0.070908294
0.072847071
0.072126416
0.072374873
0.072296493
0.072298938
0.074015882
0.072457270
0.074841331
0.073539181
0.072294894
0.080502432
0.074075275
0.074203047
0.073652913
0.073442121
0.073995464
0.073922874
0.072733040
0.072041092
0.072326111
0.072575519
0.073663152
0.073406448
0.074703510
