3.533507000
3.539302300
3.529673300
3.534283100
3.532886500
3.534575200
3.533189300
3.536377600
3.534208700
3.534223800
3.533508300
3.533861000
3.535263100
3.535259200
3.539568100
3.530189200
3.533523300
3.533549300
3.542175500
3.532862600
3.536127400
3.535671300
3.535136100
3.530708200
3.535352600
3.533393500
3.536582300
3.527626400
3.531628400
3.530763500
3.536716900
3.532793900
3.533126500
3.529142500
3.533320500
3.530992600
3.530756300
3.529750700
3.532279700
3.530429100
3.530977100
3.531322100
3.533633600
3.532939300
3.530752800
3.532066300
3.529564000
3.529592500
3.533729300
3.532365300
3.531863200
3.533494800
3.537934600
3.536938100
3.532690500
3.529298400
3.536675400
3.529141900
3.533529300
3.530474800
3.531791200
3.530993700
3.531661500
3.536509700
3.532136700
3.534154700
3.537173700
3.532268500
3.532563800
3.538461200
3.531177200
3.549793700
3.537295700
3.535001100
3.532615600
3.544832600
3.535840900
3.538589900
3.536150200
3.537506800
3.533592400
3.533946700
3.535014400
3.535956400
3.529145400
3.535407900
3.534202600
3.535140300
3.531684700
3.533347000
3.535056300
3.530907300
3.530994700
3.526153600
3.525868000
3.528990900
3.529174000
3.527728400
3.525316800
3.533036300
