11.097029200
11.096692400
11.135723400
11.071102400
11.055291300
11.057581400
10.941086400
11.051400600
10.948957600
11.161186800
11.174273900
11.007574100
10.993018300
10.939592800
11.053170200
11.110657100
11.036029900
11.118749400
10.929914300
11.189331700
10.984694000
11.049643000
11.082034700
11.046084300
11.072724100
10.941944600
11.248720500
11.127210700
11.191674000
11.181887800
11.146459100
11.156638900
11.017439600
11.138794300
11.006321500
10.991362400
11.190254400
11.222959300
11.131970000
11.090529700
11.049394600
11.133784800
11.110050800
11.128011200
11.122438500
11.250080000
11.026849500
11.023036300
11.200996300
11.186722100
11.181425000
11.104271200
11.200936500
11.153346500
11.065724300
11.000032300
11.127082800
11.202005700
11.137142000
11.004289100
11.070338300
11.030240800
11.136371200
11.117635200
11.095885900
11.145614000
11.062185200
11.119583300
11.182665400
11.126424200
11.209657800
11.075364200
11.092118200
11.151978000
11.107387100
11.271431200
11.222911100
11.283154900
11.251004600
11.023407800
11.017538100
10.906136800
11.047445900
11.125261700
11.187552700
11.148214600
11.055206300
11.078701400
11.082660500
11.060130100
11.235438100
11.200913400
11.146483300
11.164685800
11.068926100
11.154373100
11.098034900
11.032957300
11.163339900
11.118702300
