3.555884600
3.559891600
3.562985900
3.562454400
3.557996400
3.556765200
3.558417700
3.555620600
3.557311300
3.556684000
3.558574300
3.559976100
3.558637000
3.558963700
3.559438500
3.563783300
3.561618800
3.558288200
3.561753200
3.564811600
3.567922300
3.563445500
3.554558000
3.563223700
3.559149500
3.563642100
3.556610700
3.559735200
3.556281100
3.560036400
3.560380600
3.561592600
3.563662300
3.561147300
3.556580800
3.563245300
3.559525500
3.566428200
3.563069200
3.566063000
3.561724000
3.557426500
3.558665200
3.557885400
3.565305900
3.553476800
3.558171000
3.554835000
3.559487700
3.555540900
3.558781700
3.560825500
3.558786700
3.557206800
3.567180700
3.557625200
3.556358500
3.555919000
3.559545200
3.561342100
3.561655200
3.558909700
3.558709200
3.557150600
3.561035200
3.558583500
3.559541100
3.560535800
3.564652900
3.562449500
3.559243100
3.564502200
3.564399300
3.556470900
3.562713700
3.559226300
3.561619100
3.561004300
3.564317300
3.558290000
3.562839700
3.559306900
3.560639800
3.698070200
3.743796400
3.749892600
3.759691800
3.759520600
3.749784000
3.748037600
3.749048700
3.745610300
3.749887500
3.748400900
3.749335900
3.754438700
3.746465800
3.750324600
3.752122900
3.748236900
