0.037771000
0.037024300
0.037483200
0.037000600
0.036869800
0.036959500
0.037007000
0.036957500
0.036980800
0.038062000
0.036993400
0.036995700
0.037067600
0.036968600
0.036930700
0.036980200
0.036893800
0.036849800
0.036946400
0.036882400
0.037018600
0.036972300
0.037722900
0.036993700
0.037991600
0.036894500
0.036951900
0.037029400
0.036932600
0.036976500
0.036897300
0.036923100
0.036996200
0.036937000
0.036731200
0.036802400
0.037803700
0.037708600
0.037567800
0.036927100
0.036937300
0.036993700
0.037036200
0.036763900
0.036749700
0.036962000
0.036978700
0.036817800
0.036947500
0.036840300
0.036954700
0.037007700
0.036912600
0.036975200
0.036820200
0.036919000
0.036817500
0.036892200
0.037036900
0.036853700
0.036742000
0.036963800
0.036867100
0.036738700
0.038242500
0.037793800
0.037004700
0.036848500
0.037443900
0.036978000
0.036945100
0.036959600
0.036839100
0.036994900
0.036892300
0.036997800
0.036950700
0.036999800
0.037042900
0.036828600
0.036840700
0.036965200
0.036956100
0.036923100
0.037358100
0.037029800
0.036983200
0.037218200
0.036992900
0.037081700
0.037491400
0.036975700
0.037817500
0.036786500
0.036977500
0.036918100
0.036919800
0.036906400
0.037044700
0.036912000
