0.038909900
0.038722900
0.038778500
0.038910300
0.038806400
0.038855000
0.038781400
0.038840900
0.038769300
0.038837800
0.038781300
0.038860000
0.038799000
0.038847600
0.039674600
0.038802600
0.039995600
0.038871900
0.039334300
0.038815700
0.038818400
0.038753800
0.038822200
0.038783500
0.039202000
0.038812400
0.038726800
0.038830000
0.038823400
0.038817900
0.039856000
0.038852500
0.039480200
0.038816500
0.038738300
0.038747400
0.038789700
0.038784800
0.038783100
0.039883400
0.039301700
0.038802100
0.038761200
0.038822200
0.038774500
0.038791100
0.038842800
0.038772300
0.038844400
0.038765700
0.038877300
0.038817200
0.038749200
0.038811500
0.038808100
0.039282600
0.038810400
0.038864400
0.038809400
0.038807400
0.038827700
0.038782700
0.038813300
0.038804400
0.038766100
0.039695900
0.038737000
0.038804400
0.038763200
0.038795600
0.038730900
0.039289100
0.038737700
0.038782300
0.038770500
0.038796800
0.038831900
0.038877300
0.038726400
0.038811300
0.038796100
0.038792800
0.038767800
0.039952000
0.038877400
0.038765400
0.038828200
0.038795100
0.038794200
0.038812400
0.038838500
0.038790600
0.039862400
0.038756100
0.039090800
0.038718500
0.038845100
0.038770700
0.038836500
0.038843200
