0.109145900
0.104220600
0.105297800
0.107410500
0.107726700
0.105537100
0.104841300
0.106371500
0.106696400
0.103884000
0.107437000
0.109112200
0.109209700
0.107443300
0.105539300
0.106550400
0.106600600
0.106381700
0.106459700
0.105582100
0.106038100
0.105328400
0.108942500
0.105982800
0.107080700
0.107661500
0.108954100
0.108791800
0.112980500
0.115217300
0.109765900
0.110401300
0.105829100
0.106515400
0.107113200
0.107708500
0.107453600
0.107270500
0.107539900
0.108624900
0.108337100
0.105625000
0.107652100
0.108223200
0.107842200
0.107446500
0.107696200
0.107263700
0.107163300
0.107511200
0.107586600
0.104744700
0.106594800
0.105896600
0.106356500
0.106430500
0.106545600
0.107093100
0.105262600
0.105565400
0.105528700
0.106566200
0.106296600
0.106489700
0.106393900
0.106448700
0.106626000
0.106639500
0.106367600
0.109135700
0.108935400
0.108852600
0.108987000
0.109115900
0.108276200
0.107301900
0.109445100
0.111071100
0.111374500
0.107095400
0.107504500
0.107493600
0.106384400
0.105398200
0.106783300
0.106630900
0.106257500
0.106165000
0.110816200
0.105953900
0.104891700
0.105216400
0.105202800
0.106292500
0.106847000
0.105423400
0.108624100
0.108263700
0.106428200
0.105328000
