0.026211510
0.026390599
0.025761936
0.025747688
0.025777544
0.025781473
0.025806058
0.025807411
0.025804967
0.025790480
0.025801731
0.025785589
0.025789979
0.025750664
0.025786021
0.025936998
0.026155362
0.026424735
0.025905338
0.026005358
0.026200318
0.025750414
0.025789878
0.025800359
0.025950032
0.025780080
0.026836999
0.025760743
0.026396526
0.025756636
0.025774108
0.025732881
0.025820305
0.025736958
0.025773957
0.025925968
0.025763357
0.025757577
0.025828341
0.025740244
0.025765030
0.025730467
0.025740594
0.025753520
0.025770631
0.025742449
0.025755052
0.025738622
0.025772645
0.025744813
0.025755432
0.025753530
0.025757896
0.025765152
0.025732308
0.025836378
0.025804305
0.025737670
0.025787974
0.025735405
0.025782974
0.025741577
0.025750413
0.025784809
0.025738340
0.025751576
0.025766703
0.026771475
0.025767926
0.025761265
0.025984166
0.025811890
0.025860142
0.025791181
0.025761163
0.025771814
0.025736787
0.025885470
0.025727308
0.025778107
0.025799355
0.025732420
0.025818504
0.025811930
0.025804486
0.025754431
0.025773527
0.025767776
0.025768377
0.025762878
0.025786051
0.025743770
0.025785671
0.025808453
0.025752317
0.025777224
0.025780411
0.025791662
0.025739674
0.025769810
