0.020609739
0.020505661
0.020709910
0.020683150
0.020681477
0.020753503
0.020476757
0.020591365
0.020585154
0.020572789
0.021014979
0.020571648
0.020500072
0.020622334
0.020767580
0.020538584
0.020578201
0.020702235
0.020693609
0.021352767
0.020538785
0.020540357
0.020655287
0.020746459
0.020555447
0.020529597
0.020733827
0.020762570
0.020477980
0.020739726
0.020580364
0.020813829
0.020717003
0.020726000
0.021546670
0.020718117
0.021433001
0.020622023
0.020536360
0.020832109
0.020842192
0.020586376
0.020810882
0.020569263
0.020586807
0.020738054
0.020667048
0.021726914
0.020683059
0.020464955
0.020536781
0.020518126
0.020471336
0.020760066
0.020614728
0.020491254
0.020572338
0.020781708
0.030074277
0.020548563
0.020676638
0.020733525
0.020473801
0.020562510
0.020886667
0.020577107
0.020433695
0.020588620
0.020505733
0.020702436
0.020803007
0.020535298
0.020579354
0.020693979
0.020594481
0.020861243
0.020597206
0.020532493
0.020574594
0.020482769
0.020718306
0.020585073
0.020432784
0.021529798
0.020570064
0.020481857
0.020471278
0.020511864
0.020731902
0.020860657
0.020453774
0.020529578
0.020711733
0.020612214
0.020757110
0.020674354
0.020428946
0.020714649
0.020435999
0.020571648
