0.020838118
0.020703092
0.020741044
0.021663568
0.021128260
0.020691581
0.021167845
0.020716356
0.020709394
0.020684055
0.020692200
0.020733992
0.020685098
0.020685728
0.020705707
0.020721586
0.020728972
0.020720615
0.020744777
0.020765961
0.020670030
0.020712149
0.020671551
0.020732799
0.020830950
0.020722739
0.020730715
0.020707620
0.020700507
0.020867435
0.020739811
0.020748860
0.020738871
0.020722379
0.020743248
0.020704876
0.020710797
0.020727758
0.020733070
0.020726817
0.021632744
0.020719735
0.021054991
0.020666954
0.020692903
0.020704696
0.020678845
0.020684087
0.020664499
0.020677263
0.020704155
0.020679226
0.020708613
0.022865328
0.020709183
0.020665932
0.020701039
0.020690086
0.020701560
0.020683576
0.020652997
0.020679787
0.020698975
0.020665921
0.020704033
0.020687644
0.020725213
0.022280711
0.020851675
0.021836506
0.020694396
0.020680240
0.020714513
0.020693955
0.020693775
0.020685027
0.020674036
0.020695828
0.020705296
0.020750773
0.020679899
0.020697540
0.020657616
0.020693314
0.020684125
0.020689407
0.020704455
0.020654269
0.020732779
0.020679608
0.020728169
0.020713583
0.020701118
0.020733138
0.020709254
0.021302045
0.020710405
0.020699967
0.020753739
0.020853527
