9.629824300
10.003632400
10.056266200
9.936448800
9.772448200
9.758725200
9.684791100
9.807907700
9.683455900
9.653713300
9.633519900
9.638758200
9.679253400
9.627258800
9.628027200
9.634966900
9.627185700
9.631880400
9.638100600
9.634133400
9.617260600
9.630309800
9.634062200
9.634272400
9.627288800
9.628027400
9.627492400
9.648851200
9.625893500
9.642167700
9.684193500
9.671957200
9.676059600
9.672830900
9.674677800
9.685297500
9.683852000
9.689822500
9.684399200
9.688110800
9.682488000
9.673792000
9.685889000
9.691208400
9.689657600
9.679600400
9.699742600
9.841523700
9.737146600
9.901289200
9.709262100
9.677045700
9.726149600
9.707918900
9.766381700
9.768004200
9.740597600
9.759433900
9.716270400
9.727014000
9.722739900
9.710856900
9.717727500
9.751664700
9.833926000
9.758349300
9.716493300
9.732305700
9.731107200
9.804884300
9.743393300
9.768443800
9.742397900
9.736559500
9.740409600
9.711659900
9.700822700
9.698495700
9.692233600
9.708344000
9.731234000
9.720977200
9.706915200
9.702500600
9.714657400
9.702642500
9.701573400
9.692194400
9.717737400
9.745548000
9.738822200
9.759672500
9.778551800
9.704990900
9.697160900
9.690279200
9.690186400
9.705325800
9.690973700
9.694458700
