7.223529700
7.195433200
7.309389000
7.615162900
7.424966500
7.192547700
7.179618200
7.248311000
7.085911000
7.068162700
7.044047000
7.054888800
7.055206600
7.062154600
7.039470900
7.072879200
7.089426900
7.115115900
7.090972500
7.058983700
7.064256500
7.047597400
7.060182500
7.109180500
7.135992000
7.069241000
7.075747000
7.054642700
7.058704900
7.071552400
7.090268500
7.087006900
7.054497300
7.058135600
7.092170300
7.067366400
7.146994500
7.113945800
7.053094000
7.054071000
7.079914900
7.129943800
7.150882000
7.146822400
7.184269300
7.184075500
7.176605400
7.153549600
7.150986600
7.134970300
7.486748800
7.158547200
7.152678800
7.147381300
7.221170800
7.153406000
7.126089200
7.132839700
7.124261700
7.142207300
7.134923900
7.131763200
7.111424500
7.132121900
7.124458200
7.126538700
7.130049900
7.132551300
7.131332600
7.127379400
7.126218300
7.128297400
7.129896300
7.122905300
7.120923200
7.128884600
7.123056700
7.122841500
7.122901900
7.138121300
7.126578500
7.125710300
7.125588200
7.131153200
7.170181100
7.138477400
7.141853300
7.123574900
7.138810300
7.109806100
7.132297200
7.114430600
7.123720000
7.253508800
7.127744800
7.167482200
7.176059000
7.154919400
7.156553800
7.162695000
