7.138685900
7.088796700
7.150477300
7.176543000
7.189873100
7.154222100
7.157986500
7.176448500
7.135287300
7.176439400
7.162679200
7.163466300
7.158944900
7.142052900
7.139791800
7.147319500
7.147656500
7.140144000
7.165423600
7.155324700
7.158939200
7.233337500
7.221701500
7.173806100
7.174694500
7.147815200
7.205730800
7.381541900
7.224833000
7.207303500
7.160841100
7.184051200
7.163854800
7.154057100
7.142681100
7.188696800
7.130343200
7.132126600
7.128795600
7.131667700
7.156671700
7.247685200
7.238777600
7.247009800
7.229392000
7.237838300
7.262798100
7.239202400
7.227741300
7.237379500
7.232060500
7.236560400
7.235784400
7.228393700
7.231648700
7.228787300
7.233809000
7.234299300
7.227828600
7.216994800
7.247754500
7.250462400
7.247900800
7.237993300
7.261555700
7.257369300
7.246123800
7.229437000
7.237713000
7.230339400
7.220758500
7.217820500
7.286688200
7.238979700
7.239473700
7.230622800
7.242213200
7.228515000
7.227330200
7.236051900
7.245726000
7.232832200
7.228274300
7.229658200
7.225909400
7.236724900
7.222027300
7.221450100
7.248234000
7.247086500
7.282569000
7.282222400
7.239525700
7.252972900
7.242904000
7.240484200
7.324971400
7.275640500
7.242941200
7.235916400
