0.132881000
0.133538500
0.131191300
0.134384500
0.133235100
0.131420200
0.132470900
0.130487700
0.131484800
0.137293100
0.132592500
0.133656500
0.132172000
0.137164400
0.134641000
0.133440700
0.130478200
0.137917600
0.134014800
0.131890800
0.129709800
0.131217900
0.133325500
0.132913500
0.133281200
0.132063300
0.133858800
0.133801700
0.135302700
0.133827700
0.134440300
0.131391800
0.133152500
0.132928700
0.132945900
0.131388500
0.136865000
0.137568600
0.137158800
0.138248800
0.137122400
0.134338700
0.132947200
0.135144800
0.133741100
0.132473400
0.131891300
0.134018200
0.134534900
0.133898700
0.143847700
0.134737100
0.132279800
0.130815500
0.132676500
0.143009700
0.138209200
0.134742300
0.133001100
0.135273700
0.132323500
0.133843600
0.134838300
0.133916300
0.134355000
0.135840200
0.133349000
0.132501900
0.132708900
0.133302400
0.135905500
0.135509800
0.139382300
0.163613100
0.137170400
0.133178600
0.135954200
0.133530200
0.131065600
0.145031700
0.136437500
0.143322100
0.138955100
0.141135700
0.133110600
0.178592700
0.139440600
0.132533700
0.133350000
0.134850900
0.135183000
0.138687000
0.136634500
0.135718200
0.134468700
0.133663600
0.133959700
0.134953500
0.135754100
0.134834700
