0.139744900
0.138459900
0.134902200
0.132545300
0.131578100
0.133895200
0.134230800
0.130859300
0.130778600
0.140063600
0.136899200
0.134273600
0.136348300
0.132158100
0.129078700
0.136669500
0.130928900
0.135802100
0.135295200
0.140881200
0.134718200
0.129273100
0.130439300
0.129358100
0.127420000
0.130274300
0.138495200
0.130719500
0.136249400
0.133754700
0.133352800
0.132319400
0.130867700
0.132433700
0.138175800
0.136851100
0.136244700
0.131073200
0.134240900
0.134843600
0.148941600
0.141585300
0.141579100
0.142239900
0.134977400
0.132183300
0.138753200
0.142524600
0.140809000
0.132977100
0.139756500
0.138359800
0.142219000
0.133468100
0.140432500
0.141155900
0.139910100
0.144137100
0.141889300
0.145446500
0.139314800
0.139442900
0.141820800
0.138134500
0.137479000
0.138155100
0.144754700
0.138112400
0.135006200
0.155617900
0.145574000
0.136928300
0.134082100
0.135920800
0.161407900
0.133993100
0.134786700
0.139857200
0.134187400
0.135735700
0.131869300
0.140764200
0.134398500
0.134813100
0.138292100
0.136444000
0.135636600
0.135707900
0.134076400
0.136502800
0.135461000
0.132624200
0.137330600
0.138105700
0.137040400
0.145189700
0.137501000
0.132088300
0.138958900
0.160025000
