0.149734900
0.151891500
0.145499200
0.150409400
0.150893000
0.150299600
0.149338200
0.149502300
0.149988800
0.151267000
0.148166100
0.146836000
0.151524200
0.142671700
0.148691100
0.150603100
0.149932400
0.160976200
0.151681800
0.149091600
0.151809400
0.165511300
0.150122300
0.153573900
0.151999400
0.159141000
0.152494500
0.155761000
0.177795100
0.162752700
0.162691900
0.149846800
0.148081200
0.155624900
0.148124800
0.151417100
0.149362200
0.148170700
0.148060300
0.149047600
0.148838800
0.147525100
0.145193700
0.142421000
0.143061100
0.149231700
0.147034500
0.149364700
0.149778800
0.149007900
0.153544500
0.153927400
0.151713600
0.148889100
0.148548300
0.148883200
0.152359800
0.164617200
0.152281400
0.150491400
0.151358300
0.150870400
0.150657500
0.150959100
0.148707700
0.151154100
0.147849400
0.148535000
0.149108300
0.147293300
0.149761600
0.151070400
0.150672100
0.152609100
0.150800600
0.149632700
0.151046400
0.148408900
0.153459000
0.150094900
0.152721900
0.150501700
0.163812200
0.151304100
0.150342100
0.152613400
0.149447500
0.154993300
0.152445700
0.149470900
0.205142200
0.496020500
0.274396200
0.258989500
0.157547500
0.150525400
0.154095100
0.153192800
0.148965100
0.151960100
