7.813041706
7.831060374
7.917517760
7.871948408
7.821331514
7.980074570
7.867637930
7.861415853
7.280138891
7.266986542
7.267918272
7.254907001
7.250423065
7.249498314
7.257967736
7.317160939
7.244093883
7.279204492
7.244832318
7.249652567
7.238534526
7.266029447
7.247229422
7.280458319
7.271375616
7.265215193
7.242702010
7.273269797
7.387360041
7.305104914
7.241719762
7.263602162
7.260752153
7.240471759
7.249795032
7.268823838
7.265485433
7.255504184
7.245322210
7.295517299
7.241806802
7.264118623
7.261358893
7.256389651
7.273013776
7.264333803
7.259131810
7.272687063
7.241057909
7.258525633
7.255848841
7.271650788
7.268122539
7.245705827
7.253523086
7.259318189
7.269210134
7.266350801
7.240534160
7.250520815
7.260489730
7.274207444
7.251933104
7.251693941
7.250622997
7.251452916
7.238566699
7.243210701
7.270946272
7.256989351
7.255769370
7.260715022
7.261936704
7.279908380
7.240112536
7.245330235
7.247677742
7.256651163
7.290353067
7.251113237
7.240726916
7.229834373
7.235606039
7.255354203
7.250124325
7.270413213
7.254767190
7.250651338
7.255325703
7.272959103
7.253902400
7.247521822
7.257858043
7.255448573
7.233775143
7.232664746
7.249765819
7.266688482
7.261652529
7.248573002
