7.479106398
7.501129087
7.636443063
7.547807033
7.605862759
7.568355097
7.491004827
7.615611676
8.366972418
7.751500843
7.821339940
7.769234637
7.824768621
7.758638372
8.434941390
7.893943605
8.595879189
7.753432771
8.000303844
8.734119870
8.235335855
8.049490945
8.444016532
7.878626815
8.363450115
8.120873136
7.899454589
8.589788272
8.253684715
8.059234312
8.542428995
8.078669418
7.842165121
7.679855827
8.543912374
7.880078375
7.746417069
7.648682741
7.644535795
7.728291502
8.449207939
7.932754573
7.924364628
7.735238019
8.323230922
12.664515807
7.611894235
7.717426270
7.734795742
8.121436053
7.915265907
8.329751910
7.999644532
7.802966199
8.637508653
8.041921413
7.986603107
8.398676901
7.985564851
8.501482243
8.005531853
8.080266785
8.363478027
8.066373203
7.668429211
7.863268102
8.166408540
8.089691193
9.080463825
7.992991922
8.705232367
7.885525901
8.158529502
7.738538161
8.158560625
8.070250268
7.925244578
7.894040803
7.649282710
7.574830516
7.755194997
7.562018359
8.110001991
7.597486283
7.704159231
8.448125815
9.349954390
8.404760836
8.192963003
8.073919441
8.028280666
7.964205069
7.937586833
8.357772808
8.031974704
7.899509227
7.926546040
7.990386914
7.890896011
7.893080845
