7.282968675
7.264792779
7.252978366
7.268266852
7.271331447
7.262764902
7.267063690
7.266001484
7.292394433
7.256022537
7.266719020
7.260733459
7.277269865
7.278416255
7.276952197
7.278719873
7.286188824
7.291027124
7.281768239
7.271687488
7.270675628
7.273368511
7.278908074
7.277440061
7.272455547
7.261103532
7.262839096
7.261953445
7.271792287
7.269704054
7.270080885
7.263738523
7.276006020
7.250633512
7.266223568
7.267181366
7.254052454
7.267652705
7.270960293
7.281111380
7.281583635
7.276281633
7.272302967
7.244121307
7.282348826
7.270730108
7.262895540
7.286667205
7.285344356
7.269914901
7.284145669
7.276477657
7.269214672
7.260865917
7.266800001
7.264949279
7.269493127
7.283118484
7.294061999
7.286327651
7.260699183
7.249620231
7.280069790
7.265785526
7.259197224
7.253363279
7.267703549
7.283449257
7.272716815
7.273470802
7.252787170
7.265670453
7.266802502
7.286155061
7.281876851
7.261480562
7.258829167
7.260956338
7.258926493
7.268232440
7.271207792
7.284795624
7.264706228
7.284431086
7.283987097
7.298029161
7.311946797
7.268642525
7.304629027
7.267479605
7.280844689
7.279549731
7.283864622
7.252328350
7.266541845
7.264422115
7.269384720
7.266570932
7.274142706
7.276424934
