0.104927800
0.102720900
0.094592900
0.098364300
0.096795600
0.098599300
0.104453600
0.098817900
0.103517800
0.094038000
0.098724300
0.103421500
0.105930700
0.108644100
0.095371400
0.103876700
0.107053000
0.111203100
0.106994100
0.105086600
0.099937200
0.105790900
0.109700700
0.102347500
0.102028600
0.112160000
0.120762700
0.104651700
0.104851500
0.102355700
0.107348500
0.110982400
0.114835900
0.113775100
0.241187100
0.110265100
0.109850900
0.114992200
0.108515600
0.106437800
0.108223200
0.108621000
0.107616400
0.106432600
0.113978400
0.111563600
0.116531600
0.106686300
0.112715400
0.128488700
0.106518200
0.109502300
0.110963100
0.110486300
0.106683000
0.103768400
0.109237700
0.109871100
0.105857400
0.112725500
0.112660900
0.107932300
0.104746700
0.108786500
0.104191200
0.106831500
0.112881100
0.109922200
0.105220000
0.102028500
0.109240200
0.113763900
0.106421300
0.108648800
0.101484600
0.104737400
0.101094400
0.098230500
0.098940500
0.101837700
0.102061400
0.095079900
0.095010600
0.103513800
0.102133300
0.094835700
0.093048000
0.095834400
0.092007200
0.096839500
0.096037400
0.102280200
0.098705000
0.095153300
0.103692300
0.093995400
0.094353400
0.092738100
0.094908300
0.095382800
