0.000259700
0.000250600
0.000250600
0.000250900
0.000250600
0.000250500
0.000250600
0.000250900
0.000254400
0.000250500
0.000250600
0.000250900
0.000250600
0.000250500
0.000250600
0.000255900
0.000250500
0.000250600
0.000250600
0.000254200
0.000250600
0.000250500
0.000252500
0.000250900
0.000250600
0.000250500
0.000250500
0.000253900
0.000250500
0.000254200
0.000250500
0.000254300
0.000250600
0.000250600
0.000250600
0.000254300
0.000250500
0.000254200
0.000250500
0.000254300
0.000250600
0.000250600
0.000250500
0.000254300
0.000252500
0.000250500
0.000250600
0.000250600
0.000250500
0.000250500
0.000250600
0.000256300
0.000250500
0.000250500
0.000250500
0.000266900
0.000250500
0.000254200
0.000250500
0.000250600
0.000250600
0.000250600
0.000250500
0.000254300
0.000250500
0.000253900
0.000250500
0.000254200
0.000250600
0.000250500
0.000250500
0.000250600
0.000252400
0.000250500
0.000250600
0.000250900
0.000250700
0.000250500
0.000250800
0.000252300
0.000250600
0.000250500
0.000250500
0.000250500
0.000250700
0.000250500
0.000253200
0.000253000
0.000250600
0.000250500
0.000251200
0.000253400
0.000250600
0.000254100
0.000250600
0.000250600
0.000250600
0.000250500
0.000250800
0.000250800
