7.170288600
7.065562000
7.128152300
7.133086100
7.156397300
7.176306600
7.142104600
7.140482300
7.151344900
7.136501400
7.158547600
7.147193000
7.146582700
7.131396900
7.140326400
7.161540600
7.140173000
7.126980300
7.149126800
7.145165000
7.136200500
7.145229000
7.141320100
7.142833000
7.140609800
7.144972900
7.163206400
7.143697100
7.145012600
12.604408900
7.790024400
7.262562200
7.227895100
7.211894000
7.263596100
7.194520500
7.215210000
7.456255300
7.543626100
7.392406500
7.543438700
7.310328600
7.312910100
7.252499500
7.298458600
7.262676100
7.325739800
7.276667600
7.262863200
7.336500600
7.295751400
7.288290700
7.280243300
7.263891300
7.249554100
7.248827100
7.244284600
7.246825400
7.238637700
7.428640500
7.718081400
7.536222000
7.415453200
7.339628100
7.669306600
7.395010000
7.402467300
7.282421600
7.425250700
7.285893300
7.259420700
7.263392600
7.289417300
7.341793900
7.275467300
7.270186000
7.308571700
7.345359000
7.312067700
7.283941000
7.329104900
7.327146800
7.299287900
7.329948100
7.386727400
7.318607500
7.315680700
7.268066800
7.322236700
7.287695600
7.271618200
7.294879400
7.304315900
7.277096500
7.248410600
7.418594900
7.294500300
7.317611700
7.286444900
7.279819800
