8.953027800
8.954618700
9.014916400
9.006938000
8.983423200
8.977079100
8.951064000
8.960205300
9.010994900
9.006681700
8.957625400
8.983952400
9.002179000
8.976871800
8.969603700
8.973819200
8.974665800
8.971541600
8.979008500
8.970660400
8.963919200
8.988314100
9.031065400
8.970089700
8.986257000
8.991254300
8.961637500
8.995369600
8.963697900
8.986444600
9.018368500
8.960338400
8.980173700
8.955184700
8.995092500
9.006280000
9.032302600
9.000467900
9.056065900
8.977841700
8.957683400
8.988966900
9.007022800
9.026967800
9.035323200
8.974903400
9.017740800
8.990676200
8.987788500
9.023024000
8.958303900
9.000308100
9.007826800
8.994453300
9.001228800
8.963268200
8.956885400
8.973660100
8.977278300
8.978953800
8.958686400
8.950032800
8.969929400
8.965969900
8.983812400
8.964555500
8.959254400
8.948823300
8.949078600
8.939607800
8.932378300
8.945277600
8.951613100
8.948005000
8.932214300
8.942793600
8.954833600
8.965885700
8.993999300
9.124232200
9.022844400
8.993924900
9.033061400
9.024762600
9.026499300
8.968745100
8.964317300
8.957417200
8.942870700
8.953386100
8.970190400
8.971710000
8.982503600
8.994171200
8.985356100
8.975957800
8.972841200
8.963110700
8.985093800
8.971973800
