7.202766600
7.060719900
7.097376700
7.050726600
7.036104200
7.044531300
7.067655800
7.128491700
7.050568000
7.048675700
7.058116900
7.046989000
7.044786800
7.093229500
7.042210700
7.081808900
7.054738900
7.049219500
7.082503000
7.076535000
7.328464600
7.123498600
7.087417900
7.197913700
7.376198000
7.361592700
7.202906100
7.082803200
7.115027400
7.152445600
7.354804700
8.466931000
7.608847200
7.148180500
7.177245000
7.130313900
7.211015300
7.120721600
7.129788200
7.132249400
7.246280300
7.134030700
7.122804500
7.156720000
7.110883300
7.121313800
7.135086200
7.122421400
7.163221000
7.124069000
7.115324600
7.099354000
7.100692100
7.087211800
7.097310700
7.106746900
7.143229100
7.085142100
7.103149100
7.088138100
7.101414100
7.088343000
7.099853800
7.072946900
7.082923600
7.091343000
7.087363600
7.109120400
7.081175200
7.076039400
7.084798000
7.082895900
7.084303700
7.147600900
7.158921200
7.154678000
7.132085100
7.119146300
7.101586800
7.100166400
7.083969300
7.078905600
7.170776800
7.232793700
7.213610300
7.211122100
7.221048200
7.196575500
7.206442800
7.187553100
7.219919700
7.204123900
7.187966500
7.204243800
7.190058000
7.187665800
7.206682300
7.197698500
7.209163300
7.200271000
