0.631883900
0.629712600
0.642220600
0.706344100
0.640403900
0.636919600
0.652192700
0.631716700
0.661735500
0.647399100
0.633900300
0.639255700
0.655326300
0.636062800
0.638654500
0.675707600
0.639970400
0.668982900
0.679567200
0.635486000
0.629254100
0.631120600
0.642130000
0.636582800
0.632304300
0.632986100
0.643718100
0.655493300
0.691952000
0.673893400
0.636358600
0.650702400
0.638661800
0.632845600
0.698893300
0.642173000
0.637257300
0.647237400
0.644012500
0.652597200
0.638179000
0.633867200
0.649756300
0.655006200
0.637279600
0.650212500
0.662088800
0.627034800
0.641702600
0.639970200
0.660600400
0.643923000
0.642428500
0.641983500
0.638633500
0.660370400
0.645820100
0.636663700
0.640733300
0.643529000
0.644715100
0.638818600
0.642258300
0.628570800
0.632485600
0.642779500
0.628166400
0.670568100
0.636693500
0.634860600
0.629841200
0.644999200
0.632856800
0.634347700
0.654823700
0.649237500
0.641916100
0.668512500
0.628592500
0.640857400
0.636235600
0.637225100
0.637987600
0.660059500
0.631607600
0.644585200
0.644407000
0.642619800
0.703319300
0.641173900
0.633911800
0.643064000
0.632612000
0.624050900
0.637555400
0.644525400
0.665101300
0.651606300
0.638307300
0.654498900
