0.627440300
0.622637700
0.616549400
0.628708000
0.621483000
0.633257900
0.623023400
0.627074700
0.612470200
0.615507200
0.614967700
0.624292200
0.625113100
0.626720200
0.632289600
0.630906700
0.636627600
0.649983900
0.641480700
0.624806900
0.614685400
0.613859400
0.633276000
0.606312600
0.616414900
0.619690000
0.618668400
0.615842700
0.625841200
0.616583800
0.614556500
0.626602100
0.616981900
0.621992800
0.651800200
0.618153000
0.615636100
0.661784300
0.619278400
0.639779400
0.640843900
0.742769300
0.634328500
0.635163100
0.654645200
0.701891300
0.636378500
0.636357600
0.647126600
0.672467600
0.657957200
0.614718900
0.617088300
0.610552500
0.601551300
0.600389700
0.626384900
0.613281200
0.659580400
0.630817700
0.618421200
0.629125900
0.631381400
0.642258400
0.619656400
0.639213900
0.625825100
0.632411200
0.670427100
0.767332700
0.631607600
0.663290200
0.668834900
0.620315400
0.636907100
0.641388100
0.650863900
0.645282000
0.701087900
0.651438100
0.718996000
0.654764100
0.642364900
0.660984000
0.618410500
0.675975700
0.642086300
0.649755000
0.666661200
0.679036000
0.630534800
0.606649000
0.613033500
0.648713600
0.632221700
0.625500000
0.621818500
0.616634600
0.621213000
0.618082100
