0.618460700
0.654088300
0.626447600
0.618443600
0.627125800
0.620098000
0.616268200
0.613219600
0.620423900
0.613356500
0.609014800
0.624688900
0.643176300
0.632652300
0.629405200
0.639653300
0.628942400
0.636831200
0.670403600
0.646785300
0.635893500
0.610224100
0.628645300
0.636479000
0.618851700
0.633011400
0.630327900
0.628108300
0.627618000
0.637487000
0.622809100
0.633757000
0.631548000
0.626115000
0.619797600
0.630136300
0.646236800
0.639955200
0.636924800
0.643569500
0.639354200
0.640939300
0.642244700
0.635208800
0.627303800
0.629742300
0.625662500
0.648311700
0.658026900
0.626325600
0.642049500
0.614857400
0.624057500
0.646140100
0.630460100
0.633233100
0.638024700
0.628794300
0.630037100
0.626242900
0.622604700
0.619675500
0.608386100
0.627954000
0.626923800
0.613185600
0.630176200
0.628189900
0.630501600
0.636059500
0.638097500
0.636240000
0.625715300
0.626413300
0.635429200
0.626696500
0.632506400
0.635157500
0.629752500
0.659257600
0.632854000
0.637919400
0.630148800
0.622713100
0.637548600
0.653761000
0.625731300
0.631190500
0.626815900
0.629933000
0.627782700
0.638337800
0.640135000
0.629720700
0.639421000
0.637479400
0.653580700
0.637658500
0.625838800
0.651089500
