0.708066200
0.715024500
0.710299700
0.704777400
0.688488600
0.708395600
0.696560200
0.704423800
0.686830900
0.698809600
0.703296300
0.713058100
0.695598100
0.714025900
0.705493100
0.710190000
0.697030100
0.688841200
0.701860900
0.699832200
0.688564900
0.711570300
0.714832900
0.707629900
0.687985900
0.693802900
0.690558800
0.687827300
0.693174300
0.697317100
0.691166100
0.710231800
0.709060900
0.705699000
0.692783000
0.703067700
0.707856800
0.706331300
0.711825700
0.711103400
0.712738600
0.703029500
0.689944800
0.702147100
0.689701800
0.689636100
0.689209100
0.687588500
0.689274500
0.696007300
0.707447200
0.697732100
0.704593600
0.686990700
0.688609200
0.704856900
0.706138100
0.695322100
0.689874500
0.707815100
0.691225800
0.695244800
0.713431700
0.691779700
0.688584300
0.689545400
0.687728800
0.700009900
0.710729400
0.687294500
0.692583500
0.690392300
0.688008100
0.688941200
0.702782200
0.687714600
0.690224900
0.688186700
0.687445300
0.688277000
0.698819200
0.711007300
0.689287000
0.699188800
0.708127500
0.706795200
0.707186300
0.714709000
0.712547200
0.719483400
0.710387300
0.689882500
0.702729000
0.696181100
0.703329700
0.712340200
0.713595100
0.712218200
0.702744300
0.688490200
