0.670085200
0.628636900
0.619049000
0.606681200
0.618848800
0.638568300
0.662027600
0.658073700
0.634802700
0.674726300
0.637286000
0.643138700
0.673133800
0.675619400
0.646672900
0.612078100
0.625234800
0.635063600
0.631536900
0.636927300
0.623870000
0.643372300
0.663527700
0.657400300
0.644556800
0.615035800
0.648793800
0.646939400
0.623208100
0.638934900
0.631495400
0.662316200
0.669813000
0.665083600
0.648129500
0.638612900
0.648091500
0.637491400
0.629679400
0.629155600
0.628506200
0.647679400
0.623249300
0.646940500
0.638319700
0.624699500
0.632621100
0.625142300
0.626678500
0.626953800
0.646394700
0.643367700
0.632916100
0.629287500
0.627970900
0.626823100
0.649975600
0.667667600
0.639404600
0.631010600
0.631783100
0.621524600
0.637126700
0.627813800
0.628627700
0.633494000
0.635075100
0.639812800
0.637638400
0.628196900
0.631632800
0.619478100
0.609602500
0.634034900
0.619309100
0.629239600
0.662469900
0.642556700
0.639747400
0.632550800
0.648901500
0.678744100
0.627522300
0.639298400
0.653582500
0.627028900
0.627599900
0.613140400
0.623730900
0.616076600
0.701893200
0.653099100
0.633679000
0.621805000
0.652027800
0.682796600
0.675584900
0.647432100
0.621192000
0.645338100
