0.637463900
0.604353500
0.595573800
0.618726000
0.593719800
0.590020800
0.571217700
0.587516300
0.589752000
0.599051900
0.607053200
0.590728300
0.589192500
0.595205800
0.620035700
0.582878100
0.582542400
0.602286000
0.577237300
0.596902500
0.612467400
0.581347800
0.591144400
0.594783800
0.587212000
0.581859200
0.596485800
0.586415700
0.584208700
0.585247700
0.598804100
0.597809400
0.594153500
0.575752000
0.592478400
0.586132400
0.596819700
0.586311200
0.585206800
0.575043100
0.578477100
0.579685700
0.578578400
0.593540600
0.572500600
0.581812800
0.582397400
0.594382700
0.612095600
0.608976300
0.593239000
0.574949600
0.593803100
0.579073300
0.581905500
0.588983300
0.595995200
0.602290100
0.599631000
0.643560700
0.605982400
0.607364000
0.604015200
0.609907200
0.610982500
0.610883100
0.631102000
0.630646100
0.596479000
0.610090400
0.603627600
0.620256900
0.608625800
0.596412400
0.595945300
0.605355600
0.606811000
0.600796700
0.598715400
0.604661800
0.607347900
0.617700800
0.611741500
0.602711800
0.620574400
0.612642500
0.629814300
0.609002100
0.610963800
0.602330300
0.612249000
0.616779600
0.599585000
0.606586100
0.616583200
0.602172400
0.604884900
0.600108100
0.604427200
0.608947100
