0.002511500
0.002511400
0.002514400
0.002520900
0.002558100
0.002515200
0.002515400
0.002515200
0.002507800
0.002516300
0.002537600
0.002511700
0.002511900
0.002518100
0.002519300
0.002515500
0.002517700
0.002516800
0.002515600
0.002513900
0.002511000
0.002511500
0.002514600
0.002542800
0.002519500
0.002515300
0.002512000
0.002515400
0.002532900
0.002516900
0.002518200
0.002513600
0.002519000
0.002515200
0.002515500
0.002529200
0.002509100
0.002510500
0.002512100
0.002511900
0.002511900
0.002524900
0.002519800
0.002514800
0.002506600
0.002508900
0.002510200
0.002508600
0.002533100
0.002522700
0.002513200
0.002517900
0.002509400
0.002521000
0.002522200
0.002515100
0.002512000
0.002519200
0.002512200
0.002512300
0.002514900
0.002525000
0.002510200
0.002517300
0.002517000
0.002515200
0.002514500
0.002538000
0.002515400
0.002516200
0.002518800
0.002515200
0.002514600
0.002537500
0.002514800
0.002512600
0.002511900
0.002507000
0.002512300
0.002511800
0.002531700
0.002518500
0.002515400
0.002511800
0.002510300
0.002518300
0.002543800
0.002515000
0.002513800
0.002510700
0.002513500
0.002507600
0.002524700
0.002510900
0.002521600
0.002507300
0.002516200
0.002514000
0.002534500
0.002508400
