0.737891500
0.726203500
0.729134700
0.735759300
0.736475500
0.733640700
0.728938900
0.731075600
0.731305800
0.736109300
0.733780000
0.734236600
0.733128200
0.725004000
0.730188500
0.736027200
0.732991200
0.737036100
0.734226100
0.733395500
0.736248800
0.730385700
0.733317400
0.734172900
0.735211600
0.736140900
0.733965700
0.734018400
0.735418600
0.735074400
0.735883100
0.735308000
0.729769300
0.734373600
0.735017400
0.736585300
0.733545600
0.734612700
0.739507000
0.735239500
0.734120700
0.735247300
0.726520400
0.727535500
0.735021500
0.733143900
0.733943500
0.734147000
0.733548200
0.734513900
0.733947700
0.736325600
0.733342700
0.734580300
0.734092600
0.733972200
0.733005100
0.734627700
0.737937000
0.733469100
0.733975800
0.736433100
0.736345000
0.732772600
0.736287000
0.739489300
0.733928500
0.733023900
0.734460300
0.734206800
0.732943200
0.733667500
0.736744900
0.734376400
0.733903200
0.734719200
0.736273500
0.734424500
0.733062000
0.733127300
0.734651600
0.733005400
0.736348700
0.734442100
0.734625200
0.730613900
0.730563400
0.731761900
0.733843700
0.736273200
0.736885200
0.734844100
0.733803900
0.733329500
0.732414900
0.734564900
0.734680700
0.735011500
0.737485900
0.738263100
