0.021139066
0.020768912
0.020480203
0.021315586
0.020728746
0.021053714
0.020502465
0.021286361
0.020543964
0.021154059
0.020724062
0.021400282
0.020809835
0.021142562
0.020967369
0.020691435
0.020690443
0.020729999
0.020475204
0.021117174
0.020573591
0.020742783
0.020513575
0.020454064
0.020795172
0.020690433
0.020723145
0.020681656
0.020751519
0.020625017
0.020662990
0.020828977
0.020500521
0.020537823
0.020738033
0.020474573
0.020542532
0.020713306
0.020750987
0.020481906
0.020789391
0.020577579
0.020535638
0.020547942
0.020858292
0.020743624
0.020461547
0.020602917
0.020677088
0.021276467
0.020560025
0.020541940
0.020716613
0.020616761
0.020682628
0.021551560
0.020957540
0.020637012
0.020618486
0.022039383
0.020497406
0.020820519
0.020888700
0.020663522
0.020853202
0.020705061
0.020709600
0.021050934
0.020570705
0.020670995
0.020801133
0.020607034
0.020638955
0.020573050
0.020497321
0.020708302
0.020464770
0.020627008
0.021260041
0.020658908
0.020806800
0.020604174
0.020810217
0.020675259
0.020601670
0.020520205
0.020751494
0.020551916
0.020565791
0.020494285
0.020871062
0.020654169
0.020651134
0.023664802
0.020527739
0.020666733
0.020645363
0.020727599
0.020582163
0.020880300
