0.020496635
0.020321182
0.020411323
0.020617916
0.020240720
0.020390485
0.020255728
0.020444356
0.020514680
0.021290439
0.021152006
0.020475956
0.021156886
0.021077169
0.020446009
0.020382398
0.020308629
0.020332584
0.021425366
0.020611585
0.020626192
0.020292027
0.020247432
0.020338476
0.020289723
0.020458072
0.020270045
0.020345829
0.020518428
0.020319980
0.020317125
0.020268131
0.020211073
0.020300953
0.020255177
0.020319649
0.020387929
0.020257050
0.020310162
0.020341621
0.020214740
0.020411785
0.020440559
0.020340539
0.020261118
0.020358452
0.020345909
0.020302326
0.020339387
0.020287198
0.020347802
0.020511204
0.020285284
0.020340470
0.020288250
0.020213118
0.020230580
0.020299902
0.020462641
0.020301125
0.020204130
0.020381959
0.020370135
0.021263343
0.020194872
0.020212796
0.020371819
0.020230759
0.020484062
0.020291907
0.020273773
0.020241340
0.020281326
0.020294963
0.020195183
0.020213548
0.020241801
0.020175856
0.020200071
0.022025452
0.020291756
0.020353083
0.020244546
0.020363192
0.020409690
0.020305503
0.020431312
0.020268101
0.020521383
0.020213718
0.020348614
0.020255207
0.020234317
0.020323286
0.020574594
0.020299120
0.020296616
0.020325370
0.020195915
0.020297317
