0.024876156
0.024804009
0.024867871
0.024755677
0.024823947
0.024779452
0.024819919
0.024778981
0.025879217
0.025016023
0.024766588
0.024811884
0.026085296
0.025121843
0.025555222
0.024794972
0.026095178
0.025092016
0.024836361
0.024868702
0.025334794
0.024782659
0.024739165
0.024793420
0.024758845
0.024799081
0.024724049
0.024821954
0.024747634
0.024842763
0.024781277
0.024812497
0.024767480
0.024772620
0.024734579
0.024793239
0.025721694
0.024782580
0.024742423
0.024813066
0.024754447
0.024785434
0.024758594
0.024782710
0.024745820
0.024742002
0.024731202
0.024799281
0.024748645
0.024774003
0.024737984
0.024766398
0.024768794
0.024812195
0.024783542
0.024722676
0.024794101
0.024780486
0.024748686
0.024741591
0.024770978
0.024721123
0.024813458
0.025819255
0.024733116
0.025490971
0.024761770
0.024822395
0.024789261
0.024817235
0.025020201
0.025166514
0.024762472
0.024740169
0.027948006
0.024748914
0.024767662
0.025527220
0.024814090
0.025167531
0.024766097
0.024792639
0.024752582
0.024704050
0.024787098
0.024779264
0.024782920
0.024755298
0.024782428
0.024788330
0.024783732
0.024744367
0.024774222
0.024807157
0.024718617
0.024738214
0.024775697
0.024718677
0.024746641
0.024761961
