0.722157000
0.708646300
0.713596300
0.718156300
0.716946600
0.718885400
0.715337900
0.723732300
0.716546500
0.713949500
0.717496200
0.721165500
0.718146600
0.719565000
0.717652800
0.719254500
0.714884500
0.715195500
0.717769300
0.715417300
0.715598900
0.718888600
0.715503200
0.714376200
0.724241900
0.719863600
0.714614700
0.720754800
0.717488100
0.719901900
0.717369300
0.723341200
0.715347100
0.715340100
0.716355400
0.719448800
0.721440400
0.730318700
0.717962600
0.717757300
0.714737300
0.716722100
0.720084400
0.716537100
0.718631400
0.715107500
0.718265200
0.716427400
0.717845900
0.717575000
0.718613300
0.723179900
0.716814500
0.731558900
0.734090900
0.779014500
0.721416700
0.740887600
0.753412600
0.751335600
0.772310300
0.867505900
0.814125300
0.830909000
0.740860700
0.737308700
0.747274400
0.855444100
0.765721500
0.739302000
0.737645400
0.724683100
0.751487900
0.741552200
0.720504500
0.717795400
0.719808800
0.716563800
0.718506600
0.716994200
0.714661800
0.718458000
0.717811100
0.723946200
0.745716100
0.717498300
0.717796800
0.720095900
0.718057500
0.717749600
0.716145300
0.713709400
0.715609500
0.719628900
0.716251000
0.717738900
0.716391100
0.716061600
0.714698000
0.745644200
