0.966712500
0.960927400
0.964301500
0.961418500
0.962765800
0.962227900
0.961825700
0.964593000
0.962997100
0.960858300
0.966175600
0.963356600
0.965712300
0.963007800
0.966847200
0.966438400
0.966914500
0.964075800
0.959987400
0.962559900
0.960272700
0.964459700
0.962188800
0.961708800
0.960431400
0.963815200
0.959722900
0.962258000
0.962701200
0.964004000
0.961964000
0.960938100
0.960398200
0.962612400
0.963715000
0.959136500
0.960455500
0.960763000
0.964140800
0.958032500
0.962388100
0.966562700
0.967562400
0.962780600
0.964380900
0.964620700
0.958674400
0.967039600
0.967607700
0.963321800
0.969197400
0.964153700
0.963562400
0.961175700
0.959663800
0.960054100
0.963332900
0.964882100
0.963231300
0.962504100
0.964201300
0.965383600
0.964867400
0.962075900
0.965416500
0.962280500
0.962016000
0.962767200
0.961261200
0.963627700
0.964242200
0.963149500
0.963574100
0.963725400
0.962191600
0.961029400
0.961542800
0.964013800
0.963743200
0.962428000
0.960556600
0.962001400
0.962383300
0.965467800
0.960850000
0.960279300
0.967481600
0.963403100
0.962845200
0.960088600
0.962780000
0.960038000
0.960891500
0.964725200
0.960429800
0.962517300
0.963858800
0.958616800
0.961498000
0.961375500
