0.718719200
0.708854900
0.716101800
0.716611500
0.716694300
0.714002400
0.717404100
0.718387200
0.715455000
0.715783500
0.715909300
0.715114300
0.711618900
0.718485100
0.731091400
0.717347300
0.717723800
0.714859700
0.715718200
0.712142000
0.712975800
0.714820500
0.711619600
0.719788300
0.715463300
0.713573500
0.713133300
0.716350400
0.714882700
0.712904600
0.714845500
0.717958200
0.716116200
0.718891100
0.715740800
0.722851400
0.726530200
0.730753500
0.722172600
0.726987300
0.728008100
0.715767900
0.727739800
0.720482300
0.722670500
0.727116500
0.726386000
0.718509100
0.716061800
0.716300600
0.713279900
0.716275800
0.713874200
0.715174000
0.714094100
0.716381900
0.714016600
0.719939000
0.731908700
0.733071400
0.713703100
0.717638300
0.718557100
0.715539700
0.719918700
0.713546600
0.717428500
0.713367800
0.716946200
0.722624600
0.722376100
0.717089100
0.714509400
1.605729300
0.738323400
2.267225400
1.265373300
0.819930700
0.743596000
0.737055000
0.719778200
0.720241900
0.718374600
0.730895600
0.720682900
0.716799800
0.771207100
0.754034100
0.741223300
0.722946000
0.715238500
0.750661100
0.718209900
0.717153000
0.715016100
0.717059200
0.731485600
0.716800700
0.715176800
0.717709400
