10.155614600
10.419213400
10.015874300
9.471230300
9.794154600
8.364294900
8.214414400
8.181975600
8.404914600
8.324722400
8.404034000
8.741070400
8.390110900
8.243167000
8.198152900
8.612100100
8.243644200
8.205112200
8.203929900
8.292566000
8.321658100
8.400640000
8.198254300
8.367083700
8.737421900
8.490270300
8.911197400
8.453090200
8.451650400
10.531463400
8.444240400
8.438665700
8.569924200
8.442597900
8.312617100
8.237589400
8.156839300
8.178495300
8.383252700
8.260594400
8.388721700
10.238332600
8.247730500
8.237014300
8.484657600
8.509864000
8.489177400
8.357416800
10.111272200
8.107795600
8.222577100
8.173286900
8.131101400
8.252209700
8.321707000
8.136784900
8.073975800
8.123646200
8.197129600
8.427270800
8.143312400
8.213142500
8.139375600
8.636298800
8.164555100
8.417705100
8.290226600
8.225186800
12.054103900
8.311444500
8.354301600
8.280010400
8.380202400
8.155886700
8.097067300
8.154020800
8.134969200
8.109142400
8.141712500
8.152039800
8.135728800
8.114049300
8.110371900
8.161310500
8.124043800
8.105004600
8.080922000
8.073961100
8.175679700
8.119752200
8.162295400
8.118912100
8.112344200
8.134484800
8.125774300
8.114570700
8.067118700
8.108115300
8.060029800
8.076119400
