0.025242800
0.025553100
0.025169200
0.027004000
0.025171200
0.025589600
0.026600400
0.025994600
0.025157500
0.025151600
0.025191300
0.025152800
0.025145800
0.025169100
0.025147000
0.025147200
0.026274700
0.025185600
0.025213700
0.025149300
0.025177500
0.025161800
0.025205000
0.025903900
0.025159100
0.025168600
0.025473100
0.026134100
0.025169000
0.025170700
0.025191700
0.025153300
0.025201700
0.025154000
0.025172500
0.025174600
0.025165100
0.025155100
0.025139700
0.025175400
0.026068900
0.025185900
0.025170000
0.026593300
0.025194400
0.027542400
0.025189700
0.025187600
0.025150300
0.025182600
0.025170500
0.025171800
0.025865300
0.025209300
0.025153600
0.025170200
0.025197800
0.025152700
0.025184800
0.025258700
0.025146000
0.025236600
0.026346400
0.025521300
0.025317700
0.025341000
0.026281600
0.025151500
0.025180300
0.026714500
0.025148900
0.025157800
0.025163600
0.025167000
0.027163300
0.025228500
0.025192300
0.025187600
0.025344800
0.026273300
0.025226300
0.025905000
0.025391800
0.026125200
0.026128000
0.025193000
0.025845100
0.025158000
0.025174800
0.025142100
0.025169200
0.025143300
0.025153300
0.025147200
0.025515900
0.025877600
0.025170300
0.026082400
0.025996800
0.026467400
