1.504004700
1.490457900
1.507404300
1.485894200
1.504579600
1.532007500
1.595103000
1.502488800
1.522429700
1.516739000
1.490525200
1.552764100
1.536993800
1.536657300
2.013706200
1.762651100
1.575674100
1.606885400
1.532451900
1.540779900
1.508800600
1.512308900
1.545202800
1.517311800
1.517666200
1.488091900
1.508782300
1.522874000
1.505826700
1.513382600
1.485722600
1.509907800
1.525626700
2.227159400
1.635583500
1.533169400
1.543498100
1.518719700
1.518686900
1.618086100
1.527606300
1.500058500
1.500051700
1.544774600
1.509748800
1.532752000
2.298024800
1.529904300
1.528706200
1.512540600
1.502643400
1.501656200
1.493804400
1.496536600
1.521366200
1.542807200
1.540919900
1.521033600
1.535840700
1.552930800
1.528542800
1.504745400
1.512207400
1.556498700
1.505850600
2.383830700
1.545870500
1.506278000
1.563761100
1.506122100
1.501282800
1.510185900
1.520461300
1.504760800
1.518561200
1.521197800
1.508243200
1.503030100
1.504661100
1.498780400
1.500839600
1.504775900
1.498000600
1.515467100
1.501759100
1.514107200
1.519373100
1.503684200
1.734013200
2.093094900
1.524710500
1.544698900
1.510976800
1.502008600
1.533376700
1.513633200
1.491426000
1.491161000
1.498291900
1.514609000
