1.414614500
1.335430700
1.349866200
1.316720500
1.319614100
1.367269800
1.357866800
1.365876500
1.370059200
1.346706500
1.357957400
1.360606200
1.372614000
1.373988600
1.357374500
1.365183700
1.366587900
1.361698800
1.368911900
1.360773800
1.354539900
1.388142800
1.380258300
1.359643000
1.362572800
1.388575000
1.376410100
1.357104800
1.373381800
1.352659300
1.391418500
1.375173900
1.352387000
1.410140700
1.346667600
1.380810900
1.451915100
1.386737400
1.372579100
1.384495800
1.368397500
1.374072700
1.365173700
1.372789800
1.368818500
1.370258700
1.384816000
1.385083400
1.468950800
1.591150800
1.366544900
1.356119600
1.368096500
1.370392200
1.404126000
1.379404300
1.432398000
1.372686600
1.364709400
1.418188200
1.396114600
1.368827400
1.368965200
1.373769800
1.370941500
1.391992200
1.373883600
1.372345400
1.368788700
1.370881000
1.378390500
1.370636500
1.356011800
1.378339700
1.424043300
1.361058100
1.357380800
1.382390000
1.411072500
1.396914500
1.365617300
1.417179300
1.394028300
1.383658500
1.374243800
1.371980200
1.367436100
1.368716900
1.375088500
1.374400600
1.394984400
1.360638600
1.381541700
1.579535300
1.364409400
1.369581900
1.363242300
1.366303800
1.359670300
1.367635300
