1.348019500
1.351950300
1.334542800
1.432054900
1.367407800
1.364830500
1.347632800
1.368612000
1.355143500
1.355071900
1.375449500
1.458503300
1.363579000
1.346716500
1.366310700
1.355592800
1.374438200
1.359279500
1.355971700
1.354814700
1.350334000
1.346097700
1.353395900
1.347556700
1.339007200
1.341922500
1.339601900
1.345554500
1.344650600
1.347396500
1.342409400
1.348108600
1.351244600
1.346869000
1.341485700
1.328338800
1.336591200
1.353128700
1.337011800
1.334331700
1.336922600
1.337141400
1.355670000
1.342024500
1.330615100
1.329972200
1.343359200
1.344460100
1.332183700
1.330653400
1.333868100
1.335744200
1.331314400
1.331579400
1.336021400
1.349766000
1.335697600
1.339560600
1.353892300
1.361164100
1.358142800
1.344093600
1.353216000
1.346708200
1.348409200
1.338908100
1.325884000
1.339693900
1.330991600
1.352197500
1.341309500
1.338662800
1.349769100
1.352207100
1.343490400
1.360729600
1.328776900
1.361045100
1.368766500
1.333135200
1.339182300
1.331099600
1.333754400
1.363809900
1.365699400
1.374872400
1.420858000
1.347663600
1.359814700
1.354510900
1.355729200
1.361281800
1.351476900
1.367653500
1.359845200
1.354964500
1.367886600
1.361107100
1.377012600
1.360371600
