6.939118500
6.900993300
6.911690300
6.878289100
6.914994600
6.822500500
6.873616200
7.008146700
7.092741900
6.877726900
6.927514500
6.950768000
6.888730500
6.888464000
6.897138600
6.915204900
6.914485500
6.856676300
6.886298500
6.851629200
6.834355500
6.828946400
6.809186700
6.858077300
6.883313300
6.886201000
6.902503900
6.932632700
6.940230100
6.860983300
6.912545500
6.884355100
6.863463800
6.942572800
6.856576400
6.848791500
6.881454500
6.964431200
6.858247800
6.906481400
6.890293200
6.994130000
6.904574200
6.885790900
6.906571600
7.004370000
7.047611800
7.008068200
7.016008400
7.024532000
6.940321500
6.986698700
7.052169200
7.042221700
7.021625600
7.028375300
7.039792400
6.960813200
6.904478200
6.932413800
6.874768300
6.885753400
6.876230100
6.869182500
6.848107600
6.912864000
6.891217600
6.935823000
6.907959800
6.925831500
6.948397000
6.876553400
6.837126900
6.908719400
6.941121400
6.866701100
6.886227700
6.889080500
6.873086800
6.863232100
6.885052300
6.955985400
6.855972300
6.860808000
6.882777100
6.947748500
7.070585100
7.099264100
7.089069500
7.029438000
7.181861900
7.158685200
7.160172100
7.109736500
7.058682800
7.073661600
7.087380600
7.087968000
7.070332400
7.149547600
