7.126369600
7.075634500
7.273598500
7.091892500
6.979693700
6.872215800
7.060392400
7.133085600
7.007113900
6.934417800
7.046925300
7.025979500
7.030809600
7.082960200
7.004804600
6.909891300
7.125415000
7.123116500
7.137858800
7.113367000
6.934084300
6.937109300
6.946799200
7.031206500
6.926113900
6.938533900
7.123666100
6.951019900
6.892541400
7.096550300
7.094447200
7.011548900
6.852752800
6.890734300
6.920062000
6.925404300
7.076242000
7.092208900
7.060329200
7.134138400
7.045541700
7.161470000
7.021008400
6.841252400
6.960233900
6.948027000
6.919664400
6.927214200
7.113642800
6.998286600
7.193134400
7.085807000
6.973220600
7.158733800
7.271509000
7.157113300
7.139975900
7.138666900
7.097411400
6.947186400
6.889209200
7.064229800
6.936872200
6.877694400
6.954736900
7.033807600
6.935615500
7.072193900
7.123965800
7.054109800
6.901844100
6.911124500
6.922848600
6.936834000
6.913478100
7.104439500
7.054417700
7.108819500
7.130290200
7.097358100
6.979190400
6.887647500
7.174501300
7.107297400
6.871086900
6.888396400
7.141131400
7.157840400
7.246668100
7.275929400
7.174786700
7.229031500
7.225107200
7.091949700
6.993099000
6.841122000
6.908789200
7.007862100
6.901502900
6.852317300
