10.293064800
10.315066300
10.597578600
10.720276900
10.467784300
10.613955500
10.763250900
10.718091200
10.585385900
10.606644600
10.610417100
10.539596000
10.434579400
10.496834900
10.372388300
10.566355500
10.579290000
10.537348100
10.643081600
10.629555400
10.767342700
10.693815200
10.456093600
10.688004900
10.742160000
10.455958200
10.528449700
11.003103900
10.832320500
10.899727700
11.083353500
11.069211200
10.719288600
10.804653900
10.922449900
10.911094300
10.746397300
10.611281700
10.568773000
11.055191000
10.742131400
10.948351600
11.035646000
10.963147200
10.873422000
10.638643800
10.831397900
10.547395400
10.650542700
10.865549800
10.843958000
10.669953600
10.948698900
10.967682900
10.956608300
10.911023400
10.833658400
10.746661300
10.780924100
10.756022100
10.902462500
10.757471500
10.924152500
10.663636400
10.649740900
10.957692300
10.982249700
10.847064600
10.889255800
10.858202700
11.018715800
11.037825900
10.667988000
10.583587500
11.084679800
10.797299100
10.646707500
11.094983600
10.902791700
10.709079400
10.835199600
10.931823600
10.733261300
10.721598700
10.735070600
10.869624500
10.600217200
10.924005500
10.857919500
10.617571500
10.510416300
10.592325100
10.768877100
10.685195100
10.983967100
10.753128100
10.771842400
10.633465300
10.953059700
10.726501800
