7.352389182
7.362055282
7.349334624
7.355299383
7.351189074
7.328556289
7.343596620
7.369651833
7.340032722
7.381173633
7.352793542
7.352676437
7.346245115
7.338856846
7.364271175
7.334108509
7.350671188
7.362599635
7.344443458
7.362692350
7.356024703
7.326745412
7.359212642
7.331502261
7.367644381
7.327720668
7.346060445
7.371835408
7.357941399
7.356889907
7.358246516
7.321404534
7.346733300
7.360635629
7.361967187
7.373281605
7.339233266
7.346101352
7.331756686
7.346382490
7.340324281
7.341808023
7.354441519
7.403497260
7.362874979
7.365778930
7.357717090
7.364429024
7.330126728
7.349511392
7.337300636
7.361582445
7.373998439
7.364805364
7.359766487
7.346278267
7.340896658
7.360966909
7.321296653
7.342330216
7.377560155
7.339177216
7.349865251
7.332376084
7.365965879
7.364687355
7.347013375
7.345097784
7.327720643
7.351654205
7.335773154
7.330215138
7.327817731
7.362266584
7.352533239
7.362281223
7.385938927
7.354361872
7.345552706
7.363890354
7.348452197
7.367026246
7.350054864
7.356614770
7.368820211
7.327537786
7.357971344
7.366410017
7.379585018
7.348146321
7.344612592
7.348647730
7.357708903
7.347628443
7.348477925
7.334521440
7.356695778
7.352817855
7.352471371
7.354771072
