7.239636878
7.226137673
7.254018907
7.214377822
7.266109237
7.264658322
7.242038773
7.255104698
7.239021806
7.249320266
7.270912388
7.261062371
7.230670053
7.227997816
7.228889805
7.225339694
7.252269626
7.247421392
7.240354269
7.278051075
7.238607587
7.238622665
7.260522751
7.234718133
7.239320823
7.262765041
7.241190581
7.277966267
7.245177604
7.260160036
7.252034697
7.237371781
7.240542879
7.251462543
7.249845852
7.258042296
7.228859892
7.265281500
7.248969390
7.240928490
7.252113159
7.252695841
7.238585495
7.265684987
7.290124310
7.221075704
7.245086168
7.263306900
7.234385565
7.226167852
7.224653691
7.235429813
7.224547587
7.231701829
7.229267057
7.304111393
7.218085060
7.228050389
7.244415198
7.251082972
7.232681692
7.249928186
7.235371322
7.247017951
7.226960122
7.251606224
7.268311927
7.244760556
7.235920116
7.248767555
7.226106553
7.256382811
7.256363374
7.234863555
7.255574699
7.269552543
7.250699668
7.237494966
7.237104054
7.234291163
7.247708904
7.233607083
7.227826524
7.233664723
7.240313304
7.227966853
7.245355007
7.240858262
7.250759158
7.253353311
7.238109817
7.250515874
7.241458599
7.241155826
7.241281894
7.234344173
7.242042003
7.269648486
7.219938074
7.249291352
