7.279640073
7.281401461
7.281531347
7.294525198
7.304949761
7.309448723
7.286464114
7.293197697
7.283271886
7.317740825
7.295250782
7.281271074
7.280933652
7.290599235
7.326063463
7.280577181
7.286330795
7.300832655
7.301702388
7.303540698
7.296089519
7.285845021
7.336852773
7.290340723
7.291395738
7.288447190
7.302179375
7.304251988
7.279631739
7.296885774
7.324785893
7.304639543
7.270997462
7.316369420
7.308514472
7.272478463
7.276643286
7.294184737
7.295594237
7.309020908
7.295482452
7.306331963
7.309343032
7.309277945
7.282484143
7.287680434
7.306312130
7.295409543
7.312505583
7.294959560
7.311139137
7.301694808
7.299839384
7.300046833
7.281422803
7.296016799
7.279475703
7.288249035
7.317955911
7.294167054
7.280152619
7.399841056
7.322505319
7.338519792
7.274577010
7.277734399
7.356846285
7.305047144
7.281796190
7.286743277
7.298929632
7.287673056
7.290839687
7.280902526
7.303387741
7.297978432
7.282217551
7.303814688
7.318466654
7.312402983
7.297028426
7.288525742
7.300810024
7.301700525
7.278105994
7.314248907
7.271539007
7.286219068
7.311435954
7.295043583
7.290318294
7.290365459
7.310873341
7.314361209
7.308107095
7.303432169
7.304076607
7.277993223
7.302478752
7.299324416
