13.981502400
13.799557000
13.556295100
13.553770700
13.597096400
13.692656200
13.971026300
13.694686000
13.911246800
13.569073000
13.613058300
13.595982400
13.822368400
13.822403900
13.659150400
13.991797900
13.861944300
14.014504900
13.580990200
13.588011700
13.555007500
13.426619600
13.415887800
13.468797700
13.402396000
13.383511100
13.592590300
13.360699200
14.098541400
14.156961900
13.958289700
14.074123600
13.933645500
13.895227000
13.959510100
13.862974800
14.066300300
13.756318500
13.968760700
14.093322100
13.855351400
13.792665600
13.759416700
13.782779900
14.235817900
13.633868900
13.565354300
13.566132800
13.714577500
13.754855400
13.581545400
13.683851900
13.609436700
13.622846900
13.662934300
13.710964000
13.789342900
13.784054000
14.022108000
14.155097500
14.174361000
13.915195500
13.811179700
13.869197600
14.059087200
14.007578500
14.399599900
15.031333300
14.190633000
13.903347700
14.056972300
13.861486900
13.861638500
13.802093400
13.820293900
14.401889800
13.917956700
14.560703400
14.211138300
14.251297300
13.972229500
13.864521900
13.834636800
13.788018700
13.855855000
13.868519100
13.799478100
13.771121800
14.024867000
14.256334800
13.876515600
13.980224000
14.046277600
14.067917600
14.345876400
14.477092200
14.219014100
13.996809600
13.993546900
14.129633700
