13.573852400
13.627086900
13.684795500
13.784682600
13.764483900
13.763694400
13.750602000
13.691594900
13.679240200
13.578994800
13.745298500
13.682530400
13.932454700
13.725999600
13.633986000
13.690457000
13.701497900
13.722589000
14.023750000
13.989968600
13.600773900
13.680513200
13.610967700
13.951447600
13.852695700
13.759894900
13.749470000
13.659141000
13.915319800
14.126006800
13.958241400
13.820669300
14.234938900
13.878118100
13.994871500
14.026667900
14.600131700
13.962896500
13.713166700
14.026267800
14.259784900
14.425011900
14.180923200
13.834022300
14.351578000
13.906205200
13.840596000
14.088624600
14.014804400
14.537919000
14.136456300
13.879372100
13.892450100
13.904528400
13.890770900
13.795121200
14.063421400
14.198927600
14.163363600
14.274561900
13.948782600
13.982616600
13.872706300
14.245888300
14.306694500
14.112563500
14.100069700
14.496231800
15.011845300
14.130666000
13.952095400
14.389745200
14.429085600
19.893662700
13.778400700
13.838994200
14.363096400
13.867075100
15.098645000
14.333584900
14.087927500
14.006037300
14.220288200
15.361914600
18.778133700
13.963397700
14.448750000
14.202877900
14.070513100
14.075623400
14.141568800
13.705520600
13.984950300
13.864731100
13.842140800
13.877173400
13.885529200
13.994216600
13.882972500
14.335586800
