15.935364000
16.092766900
14.966164600
16.069261300
15.839727900
15.231709000
16.069493500
15.981800700
15.096939100
16.041167300
15.690738300
15.915487800
15.097819400
15.849226100
15.710913000
15.026922000
15.075271700
15.786604900
16.143635000
15.695673200
15.841379900
15.939219400
16.243998300
16.567174300
15.783982700
16.292162600
15.495125100
15.495528900
16.538703500
15.997289000
15.863401400
16.642668500
15.511746700
15.437328700
15.465725100
15.423633900
15.414889100
15.471504000
15.378937700
15.282011200
15.299811100
15.312683300
15.335543400
15.256292300
15.281002300
15.290516000
15.334050600
15.646986500
15.248806500
15.320266100
15.286718100
15.342228800
15.394430300
15.388490600
28.033055500
16.420489700
15.694827000
15.543148900
15.548036300
15.668485600
15.530991700
15.537734600
15.469285300
15.569539500
15.647030800
15.626860200
15.536577700
15.549590900
15.518815100
15.476519600
15.557141900
15.466658300
15.485832000
15.768907200
15.531000200
15.538634600
15.473466800
15.631290100
15.508767500
15.546919600
15.573877800
15.552276200
15.560077400
15.480516200
15.523191200
15.576215100
15.612928800
15.522162300
15.513195600
15.561678800
15.553401700
15.512466900
15.490791700
15.501887000
15.489165100
15.791590300
15.543429700
15.858886400
15.552087100
15.483309900
