0.035292700
0.034202700
0.034880600
0.034182700
0.034325500
0.034205800
0.034277000
0.034864800
0.035976400
0.034999400
0.034221800
0.034272100
0.034202000
0.034225100
0.034156400
0.034082800
0.034256100
0.034140900
0.034153500
0.034102700
0.034152000
0.034542700
0.034260300
0.035287700
0.034245600
0.034097500
0.036255100
0.035519800
0.034995700
0.034240300
0.034176800
0.034736600
0.034167100
0.034676400
0.034272800
0.034842100
0.035085700
0.034150000
0.034790000
0.035781600
0.035728400
0.034879800
0.036083100
0.034485600
0.034783600
0.034806900
0.034224200
0.034752300
0.035255100
0.035320400
0.034258100
0.034602200
0.035421600
0.034807600
0.035612200
0.034920300
0.035408300
0.034655200
0.036001000
0.034343200
0.035925300
0.034322600
0.034190800
0.035666800
0.034288600
0.034560200
0.034233200
0.034275600
0.034480600
0.034972200
0.034166000
0.034044900
0.034276900
0.034110600
0.035043600
0.034184800
0.034703400
0.035303700
0.034094700
0.034879700
0.036151300
0.035714400
0.035565600
0.034657300
0.034122600
0.034716700
0.034742500
0.034778900
0.035336500
0.034741100
0.034542200
0.034298400
0.034621700
0.034269400
0.034133700
0.034331000
0.034107800
0.034127400
0.034584500
0.035698000
