0.076334800
0.076405700
0.074260200
0.077202900
0.075706100
0.076585500
0.080316200
0.079341000
0.079809700
0.077635500
0.076506000
0.077821100
0.079788700
0.081683600
0.076230300
0.079257500
0.078226600
0.078190200
0.075402600
0.077663000
0.079267800
0.076618900
0.078955200
0.075212200
0.079160100
0.077467600
0.074878200
0.075101100
0.092722900
0.078780800
0.076511400
0.077393600
0.078531700
0.078116500
0.079143400
0.076459300
0.084888500
0.079070300
0.077768200
0.077723500
0.078376700
0.077551500
0.075183700
0.076999100
0.077649000
0.074892200
0.076586200
0.075030800
0.074911100
0.075138100
0.076251300
0.077541800
0.078177600
0.077267300
0.077533300
0.075160500
0.074909000
0.077914400
0.075905100
0.078739200
0.075939400
0.076097400
0.078970100
0.077481900
0.075864200
0.075577100
0.077432600
0.075087100
0.075148800
0.078771600
0.075356900
0.075613200
0.075060700
0.075724100
0.079195000
0.080772800
0.078705000
0.075930300
0.077087700
0.076507800
0.079175300
0.079183100
0.076421200
0.075417800
0.078061800
0.078333700
0.077481600
0.078589000
0.079401600
0.075877300
0.074902500
0.075412900
0.076749900
0.075083400
0.075266300
0.075286300
0.077313900
0.075938500
0.076155500
0.077210200
