0.035284000
0.033590400
0.033920300
0.034726600
0.033901800
0.034663100
0.033896500
0.034095700
0.034370400
0.033882200
0.033875000
0.033909500
0.033891500
0.033894300
0.036034600
0.033907700
0.034565200
0.033880800
0.034816900
0.034193600
0.033897600
0.034683100
0.035182100
0.033954500
0.034694800
0.035216900
0.033944000
0.035930100
0.034750800
0.035641400
0.033922900
0.033905000
0.033948200
0.033965800
0.033933000
0.033911300
0.034798600
0.034594100
0.034326900
0.033925000
0.034998000
0.033960800
0.034231700
0.035348800
0.034647600
0.034247900
0.033921000
0.034659200
0.034982800
0.034778100
0.033924800
0.033861500
0.034996700
0.034865800
0.034681500
0.034936500
0.033884100
0.033902800
0.034050000
0.033932900
0.035251700
0.034402900
0.034522800
0.034679900
0.034019200
0.033932000
0.033889000
0.034049600
0.033902400
0.034973000
0.033999200
0.034635200
0.034600700
0.033915100
0.033890700
0.033921500
0.034745200
0.034510800
0.034985500
0.033958700
0.034486600
0.035853100
0.034139900
0.033967900
0.033938000
0.035301500
0.034932200
0.034311600
0.034405700
0.034926200
0.034372300
0.033939200
0.033888700
0.033888900
0.035512000
0.033914300
0.034018300
0.033915000
0.033898000
0.033890900
