8.790929900
8.761418400
8.777275400
8.784342900
8.783162800
8.769561900
8.766037600
8.771044000
8.802874500
8.772216800
8.781727100
8.779663900
8.763807300
8.792231700
8.800259500
8.798756500
8.772048500
8.756358000
8.787929700
8.808930900
8.806044900
8.781581100
8.778138800
8.782294100
8.780401600
8.792602700
8.772282600
8.773727300
8.802247200
8.788475400
8.788170100
8.797083700
8.786364400
8.818917200
8.791440400
8.781849600
8.798175300
8.773035300
8.759357500
8.775109100
8.772494200
8.758637000
8.795688000
8.809618700
8.763739300
8.825887800
8.824474200
8.831086200
8.822905700
8.811379900
8.842122900
8.810899800
8.830645600
8.832181300
8.830756400
8.811750900
8.833426400
8.799625600
8.817007500
8.841901900
8.805269700
8.826246400
8.821477600
8.825343000
8.830887300
8.819643800
8.844431100
8.839632300
8.816724800
8.802562300
8.830551500
8.831871100
8.829460600
8.836908000
8.829586500
8.805552600
8.808857100
8.819768700
8.805350300
8.813065200
8.798384600
8.830889200
8.818744300
8.825885900
8.967579400
8.797787900
8.830223500
8.830078200
8.831762600
8.812588300
8.803680800
8.815736300
8.828826900
8.854892000
8.851492900
8.848986600
8.846234500
8.892518700
8.881100000
8.835391700
