8.019126500
6.942685000
6.991280400
7.019385100
7.029670400
7.022985300
7.057366500
6.968466300
6.978614800
7.055533600
7.026051900
7.061628100
7.105868500
7.071215600
7.102857400
6.985773700
6.980276300
7.013101500
6.983854100
7.094591600
7.008942300
6.937489600
6.952045900
6.946888600
6.907177200
6.918583800
6.906892300
6.928662300
6.943774800
6.954569500
7.056889900
7.004682300
6.896805300
7.140329100
8.242150400
8.004388900
7.257446500
7.715289000
7.022209500
6.969108000
6.939245700
6.912625400
6.932328700
7.082948900
7.241127100
7.098607200
6.993397900
6.960465200
7.067773400
7.029981500
7.148920100
7.043463300
7.098993000
6.958337700
6.950809900
7.357054100
7.118480100
7.112047200
7.125621700
7.102952600
7.092186400
7.095287000
7.092871700
7.069621800
7.064254700
7.059444200
7.078689600
7.096932200
7.121555900
7.078381900
7.092176000
7.081794100
7.066403700
7.098955700
7.077646600
7.096726600
7.088136600
7.086661900
7.083629100
7.100807600
7.086962200
7.086012700
7.059254200
7.077422300
7.095489400
7.077660500
7.067376600
7.081612600
7.082806500
7.095463600
7.074095800
7.241534600
7.094527000
7.089439800
7.100673700
7.091326700
7.060829300
7.075033000
7.052459300
7.147042700
