7.000252700
6.888676800
6.916688300
6.926120800
7.067222500
6.935148800
6.903731000
6.918608800
6.906942600
6.914021000
6.917404100
6.926607400
6.975185700
6.971740900
7.038655400
7.017048800
7.006988000
7.050942400
6.956972600
6.965070900
6.952572500
6.950111300
6.940621200
6.912123500
6.926277600
6.942680100
6.933772400
6.925781700
6.918987400
6.929539900
6.964773000
6.974620900
7.013747400
7.040343400
7.005088100
7.120812500
7.137511000
7.207244300
7.120492500
6.943476800
6.946393900
6.985458400
7.020572000
6.986325400
7.130816300
7.276133100
7.252855700
7.092026200
7.083972800
7.112888200
7.127113800
7.028573400
7.127812500
7.168315700
7.140420100
7.148345600
7.167706100
7.205065700
7.156540700
7.166055700
7.147778900
7.068662600
7.200117800
7.194875800
7.183925400
7.226700700
7.188304200
7.205019100
7.179078900
7.174097300
7.213239600
7.196515400
7.284903500
7.244419700
7.276216000
7.171944600
7.156014200
7.143115500
7.071318800
7.247575400
7.162986800
7.310087700
7.122726900
7.187126600
7.215277500
7.198278600
7.190545800
7.214063800
7.213866600
7.129570000
7.122949100
7.167103600
7.160361400
7.146562200
7.098902600
7.174125700
7.187657000
7.170783500
7.115923200
7.101086900
