0.858660900
0.837537300
0.868208500
0.856913500
0.857293600
0.865896100
0.867671300
0.865993500
0.849190600
0.855365300
0.859071500
0.845954400
0.862442700
0.861627200
0.845235800
0.868474200
0.865470000
0.858770000
0.861502900
0.861325500
0.857044500
0.858828500
0.873176700
0.868250300
0.858459000
0.857902800
0.843411200
0.870865300
0.858946900
0.863962600
0.862985600
0.859048900
0.859408600
0.866448300
0.864862000
0.865262900
0.864784400
0.866447600
0.868105100
0.868642600
0.871182400
0.868251100
0.859623100
0.855784300
0.862277500
0.859500800
0.859965100
0.852004200
0.859576200
0.866462800
0.873608000
0.857578000
0.861091600
0.845331800
0.845937900
0.856735700
0.856176500
0.860498000
0.861402600
0.859689100
0.855412900
0.863663400
0.851414100
0.857138700
0.868253700
0.860340100
0.853240900
0.861278900
0.863251400
0.863143300
0.849798400
0.845443900
0.863331900
0.864722400
0.859972500
0.857724500
0.862480600
0.864033900
0.864689100
0.861647400
0.861428600
0.863248300
0.854579200
0.854517600
0.850294000
0.858479500
0.860941600
0.857232700
0.847190400
0.856981800
0.858292600
0.865110500
0.854134100
0.838711200
0.861614800
0.858972300
0.854339100
0.854706100
0.853239600
0.839208100
