0.342186400
0.335046400
0.341242500
0.343330900
0.341304800
0.342467900
0.342900300
0.341424700
0.342533600
0.342693500
0.341530100
0.340988200
0.343014900
0.341757000
0.341524300
0.342780100
0.341595200
0.341731700
0.342880400
0.341006500
0.340729600
0.344310900
0.341281100
0.341185200
0.341594400
0.341103900
0.342265000
0.341816000
0.341058500
0.342153900
0.343158800
0.341306300
0.341274800
0.343152800
0.341608000
0.341938400
0.343544700
0.340973300
0.340951500
0.341845200
0.340865500
0.341204200
0.342008600
0.342244000
0.341284400
0.341843500
0.341210900
0.341489300
0.343964800
0.341523000
0.342526700
0.341384400
0.341593700
0.342125800
0.341213200
0.341384600
0.342427500
0.341661900
0.341388500
0.342384700
0.341672100
0.342553100
0.342485800
0.342063600
0.341655700
0.343773100
0.341164900
0.341315900
0.342859700
0.341705600
0.341715100
0.343077900
0.341576500
0.341450600
0.343172600
0.341135700
0.341570100
0.342693400
0.340948800
0.341883000
0.344248900
0.341489600
0.340909700
0.342993600
0.341075900
0.341549400
0.342447300
0.341652400
0.341245800
0.343905600
0.341002100
0.341726700
0.342993100
0.342778600
0.341382000
0.343459800
0.341080900
0.340980800
0.343065700
0.340740000
