0.346700100
0.341592000
0.345289700
0.348068000
0.346780000
0.345821700
0.345658700
0.349803700
0.343994400
0.350760800
0.360394100
0.357258600
0.377276200
0.347660300
0.346429100
0.343307900
0.341255300
0.343773600
0.347947800
0.343707100
0.360983700
0.473621900
0.926270400
0.351578500
0.348490500
0.343619700
0.352880300
0.362794000
0.354542700
0.349722800
0.346389100
0.347747200
0.352435900
0.344968300
0.354907300
0.350311700
0.353431400
0.461873200
0.359118200
0.361389800
0.357677900
0.368603800
0.360707300
0.350117700
0.351893900
0.365346700
0.377107900
0.352204300
0.349636500
0.343336300
0.348693400
0.348647500
0.346857300
0.349704400
0.356787500
0.346411300
0.341859600
0.349683500
0.352026900
0.357947800
0.352614000
0.360990900
0.359809300
0.357132000
0.347731700
0.353207900
0.349251300
0.352630100
0.354052200
0.350804500
0.356502700
0.351768500
0.381705500
0.354631300
0.343807600
0.345956100
0.345165700
0.355996900
0.350553800
0.670596800
0.394756300
0.353941000
0.348697000
0.348992400
0.348786600
0.351131700
0.362027000
0.343445400
0.351130100
0.346926100
0.352043200
0.366565000
0.354036900
0.348958500
0.341720700
0.350494000
0.343425300
0.345352800
0.352326300
0.341489100
