6.455718800
6.375205300
6.447211600
6.444257400
6.360685000
6.330024700
6.338935000
6.418850500
6.503570900
6.497303800
6.539495600
6.655249500
6.493579700
6.485884000
6.521995800
6.451445900
6.501113700
6.495814700
6.456081200
6.436150300
6.543787600
6.445665600
6.597379300
6.584549200
6.743419800
6.634295300
6.553882600
6.544033600
6.659381600
6.620757400
6.715581300
6.437244600
6.405039000
6.470766600
6.616506000
6.313698300
6.378478100
6.354104300
6.372199200
6.269304300
6.445691200
6.444557100
6.465553100
6.353188200
6.390076500
6.393824400
6.388751500
6.386523600
6.439133400
6.372501400
6.487524200
6.436173700
6.348911600
6.412941400
6.450979100
6.486374800
6.338554600
6.457087500
6.366746200
6.317832400
6.384969100
6.405484300
6.542953700
6.491861900
6.384608700
6.514903200
6.481215300
6.504860100
6.633052700
6.600171000
6.602170700
6.432998200
6.435025500
6.508310900
6.698382800
6.363212700
6.442150500
6.489765100
6.558169300
6.565326500
6.479985200
6.509492600
6.591425500
6.591700700
6.455881300
6.325606400
6.360216000
6.457168400
6.525362700
6.321680300
6.515472400
6.521423000
6.560289700
6.311890200
6.494393200
6.353823100
6.430236500
6.305290000
6.497317800
6.392035400
