6.965666700
6.935566500
6.924833000
6.943196400
6.955471200
6.957616200
6.969989300
7.001230900
6.992501800
6.954713900
6.908256000
7.016777500
6.959313200
6.924429300
6.989257100
6.962334900
6.976983200
6.938786800
6.927766200
6.926042600
6.951861400
6.898453600
6.972641000
6.983081500
6.954134700
6.944212600
6.954977200
6.925847300
6.908720200
6.934186500
6.947868200
6.970630200
6.962581700
6.936508000
6.958776800
6.935242300
6.912708500
6.938115700
6.962252500
7.040769300
6.960815500
7.001505900
7.004204900
6.990332200
7.055579400
6.964705700
7.017565700
6.942929100
7.001412800
6.995392200
6.937911600
7.044505100
6.971975100
6.953039400
6.936619200
6.972732200
7.006581400
7.005551000
6.948553400
6.944676000
6.997591500
7.004435000
6.967108400
6.982826000
6.999848000
6.967945900
6.900864500
6.901215600
6.904907700
6.962836500
6.894475700
6.900114700
6.918494400
6.913283100
6.906628100
6.903571300
6.917248200
6.953856500
6.915434200
6.929277400
6.916207700
6.960802900
7.083963300
7.054574000
7.086421200
7.088763900
6.973771800
7.081115300
7.101380100
7.069724900
7.157523800
7.109342000
7.090512900
7.037102800
7.104362600
7.046237600
7.127506000
6.994599000
7.140726100
7.040066200
