6.069449400
6.085522200
6.075619400
6.127511500
6.113621700
5.910353100
5.919360800
5.932285500
5.956861800
5.998281400
6.067411900
6.037387900
6.040092200
6.078049200
6.041888700
5.986712500
6.059207500
6.055547100
6.031836300
6.102189600
6.034844100
6.105880100
6.080726000
6.086166200
6.115314300
6.096256900
6.058429800
5.904151100
5.900166500
5.955582200
5.900391300
5.982046300
5.891475600
5.856891000
5.932183500
5.952937200
5.974723600
5.901982200
6.132203300
6.141454900
5.976107800
5.976445600
5.999009300
6.035960300
6.069999400
5.981239300
5.946701400
6.106911000
6.178991500
6.019844400
6.066056800
5.977949000
6.061783900
5.964784700
5.939881700
6.018003400
6.171906800
6.018233300
5.889562300
6.004266100
6.128735700
6.290877200
6.187890600
5.923591300
5.980848200
6.015473500
6.009485600
5.983766100
6.116485000
10.512870300
8.709713200
6.586838800
7.067113200
6.090076100
6.154933800
6.012832200
5.998388300
6.015933500
5.993226600
6.054608500
5.988054200
5.996386900
6.013150500
6.024815000
5.954461500
6.036428300
6.046359800
6.022812400
5.937924500
6.047384300
5.957090000
5.959860200
6.021399800
5.988577900
6.026213500
5.882690000
5.894106900
5.940900800
5.954922600
5.946918000
