3.520884500
3.447187900
3.451546800
3.728901200
3.501676800
3.473108200
3.476889300
3.469926500
3.424603300
3.701298500
3.685969500
3.770226600
3.503546400
3.471729200
3.468346700
3.484734400
3.535535000
3.683888400
3.494350300
3.513146300
3.424335000
3.450781300
3.499971200
3.453563100
3.648433200
3.738548200
3.492064400
3.454997100
3.490699400
3.526388700
4.053158400
3.546917400
3.687309600
3.453838000
3.474785800
3.544129000
3.879052600
3.464803400
3.686797200
3.528611800
3.509166100
3.479538400
3.449296100
3.483793500
3.971391500
3.505532300
3.450252500
3.498094400
3.500692000
3.491567000
4.113706100
3.512463100
3.465674000
6.032328200
3.507852900
3.831094600
3.586370300
3.466257000
3.503908300
3.487476600
3.454959100
3.933567400
3.567249700
3.476546200
3.531511900
3.500144400
3.537719700
3.860440600
3.498682800
3.468156300
3.504617200
3.516221600
3.688965400
3.513802200
3.473834000
3.459468200
3.448974500
3.731163400
3.447668200
3.453609100
3.593861700
3.855566100
3.661601500
3.486876400
3.486400600
3.516830600
3.535642800
3.887314800
3.494002200
3.490818800
3.493843200
3.965331300
3.520239300
3.508365500
3.520437100
3.471515500
3.437282400
3.526208300
4.017501100
3.513452100
