7.390993500
7.206405200
7.333970700
7.357779100
7.387714100
7.445976200
7.347736900
7.389801500
7.361850600
7.381872400
7.453017000
7.388831900
7.383990500
7.378063000
7.365086900
7.392160400
7.323890900
7.317052800
7.299893600
7.280980300
7.278845000
7.308723400
7.337408100
7.284254300
7.302519500
7.387046800
7.354003500
7.394051500
7.308283900
7.358362000
7.353387500
7.429837400
7.205222400
7.377453800
7.437352300
7.422128600
7.254482900
7.331571100
7.375929500
7.381681300
7.387171300
7.362724300
7.406227600
7.246070800
7.319581700
7.341894200
7.284568700
7.270438300
7.402708100
7.318750400
7.444787000
7.391982100
7.391297300
7.491133200
7.432895300
7.467304900
7.347274500
7.399139500
7.271414900
7.222737800
7.323503300
7.240286500
7.288543300
7.278586900
7.395317200
7.441551600
7.343131200
7.384008200
7.299809300
7.390743700
7.419488600
7.319079200
7.354505500
7.186600500
7.287432800
7.336547500
7.299064000
7.410055000
7.270458300
7.298182300
7.360435300
7.421611000
7.269246900
7.259212400
7.461740200
7.254725800
7.399227700
7.351832200
7.361725100
7.384086200
7.276334300
7.330823200
7.311532900
7.270222400
7.308673700
7.300227600
7.337955900
7.304644900
7.415439500
7.402991100
