3.423465600
3.354949600
3.419683800
3.420283800
3.420309900
3.422711800
3.418344700
3.422089200
3.419243100
3.419376800
3.422422700
3.417070000
3.419575600
3.424214300
3.418008500
3.422117600
3.423623700
3.420870300
3.425051600
3.421978000
3.419102400
3.418462700
3.421102700
3.427084700
3.422803600
3.421415100
3.420687100
3.418399900
3.422552900
3.419834600
3.453038400
3.417471400
3.419125000
3.418827100
3.418924500
3.421077600
3.420672000
3.536087700
3.469726100
3.420663700
3.419747900
3.420874500
3.427282500
3.419583500
3.420398700
3.420100400
3.420346700
3.422439800
3.432454900
3.418842200
3.705884900
3.422218400
3.421473000
3.422113700
3.425995000
3.422449600
3.423535900
3.420898400
3.426491700
3.423031300
3.419974100
3.418962500
3.422011200
3.416907700
3.420611900
3.432411300
3.421817500
3.422913200
3.417477400
3.417632100
3.424070600
3.419186900
3.425617300
3.420434300
3.418518900
3.417852100
3.419107000
3.418568600
3.418996700
3.419417000
3.418655500
3.421173800
3.419463000
3.421864000
3.421529800
3.421278500
3.419032100
3.423391300
3.419803900
3.423692600
3.418622600
3.420976600
3.420930600
3.425498600
3.420780800
3.421984900
3.418411000
3.423316700
3.421898500
3.427619500
