0.207018539
0.208363966
0.233730121
0.216441469
0.211121552
0.212808209
0.213517803
0.208392861
0.205295845
0.216978611
0.205199090
0.220105239
0.209116711
0.211260191
0.209091881
0.207977532
0.235980708
0.209435554
0.210349553
0.213306881
0.206795481
0.229904069
0.205550140
0.212365332
0.209882871
0.209627877
0.205379720
0.207648523
0.226335019
0.208436783
0.212789316
0.210070398
0.204749352
0.207658723
0.209917828
0.210974006
0.230615296
0.212851916
0.210222618
0.207792566
0.227918459
0.208880867
0.212062264
0.210534921
0.206072608
0.242535457
0.210640232
0.224287275
0.212652581
0.208952838
0.228646008
0.205501807
0.213785681
0.231839438
0.209804248
0.225475194
0.208853390
0.209018541
0.209264172
0.228813775
0.224623869
0.212028768
0.230838844
0.225618159
0.213533498
0.209947201
0.207641559
0.238047435
0.208095583
0.235520037
0.209479117
0.207734465
0.204959331
0.209741440
0.208824678
0.215922029
0.212854698
0.205256594
0.208184672
0.225858736
0.207049452
0.213511506
0.230378159
0.205517130
0.209530899
0.227466419
0.210478897
0.210155498
0.205733592
0.217541247
0.214932868
0.212403360
0.208807676
0.205532955
0.206872690
0.211021077
0.213192486
0.212747320
0.209483173
0.213232902
