0.205691063
0.204716150
0.204640246
0.204648022
0.207312129
0.206022734
0.204843593
0.204781114
0.205725780
0.206190728
0.212685729
0.206066942
0.205348142
0.205789121
0.205467904
0.205701264
0.204578910
0.205025113
0.205831998
0.204619336
0.205707637
0.205842330
0.205253628
0.204675414
0.204705560
0.206004490
0.204692375
0.204837052
0.204778690
0.204899800
0.206171092
0.204679030
0.205868817
0.205078889
0.205474634
0.205921181
0.205667524
0.205878389
0.204737210
0.204707235
0.205497802
0.204570986
0.204643222
0.206417555
0.204598017
0.206090438
0.205037092
0.205265325
0.204884491
0.205027292
0.206502207
0.205024236
0.204704309
0.206039744
0.204563945
0.205262151
0.204582770
0.204729049
0.204875788
0.204735840
0.206149002
0.204829931
0.205249036
0.204911304
0.204911075
0.207264477
0.204821203
0.204897008
0.205333988
0.204828467
0.206094834
0.205420432
0.204855809
0.204960659
0.205939203
0.205601917
0.204704401
0.204678202
0.204714370
0.204585695
0.206129150
0.205211160
0.204826503
0.206008596
0.206075502
0.213798001
0.204718128
0.204665467
0.204635350
0.206121826
0.206885082
0.205358584
0.204954981
0.204709298
0.204648373
0.207497439
0.204674043
0.204657661
0.204693458
0.204626842
