0.430805987
0.425005562
0.434089686
0.432012173
0.426898476
0.440859242
0.422472047
0.435117240
0.418934404
0.435284572
0.432375625
0.442345612
0.396147111
0.345284423
0.299048349
0.280053079
0.254821747
0.256379481
0.256905883
0.282401661
0.253048432
0.265434924
0.273452862
0.251606739
0.259132871
0.287459000
0.260211960
0.254873386
0.259192084
0.253960930
0.258014844
0.273403798
0.254291664
0.257830217
0.257692195
0.256023724
0.253110997
0.259979933
0.279515949
0.255323317
0.252968907
0.258831651
0.263254597
0.253962626
0.259477098
0.255214632
0.259587904
0.260578191
0.257964716
0.260137762
0.272174828
0.257491463
0.263764566
0.258629470
0.284474789
0.255744143
0.253474877
0.260954276
0.284844729
0.256586600
0.254306240
0.256580470
0.278578450
0.259342241
0.263725096
0.270169559
0.253725434
0.253378551
0.258347144
0.262028471
0.276680691
0.281731631
0.255759716
0.254607832
0.275969485
0.279815179
0.261197236
0.277295183
0.259847489
0.285164665
0.251991733
0.262806935
0.252816511
0.256709111
0.260680714
0.264907820
0.253845729
0.259843220
0.273277834
0.255545679
0.259902734
0.257859439
0.253869543
0.261510891
0.258956745
0.286787335
0.254917435
0.253200637
0.255120300
0.254110902
