0.879674900
0.876557300
0.885684200
0.876028700
0.882560900
0.879397100
0.878000900
0.875644700
0.880795200
0.880867100
0.881562600
0.887464400
0.882693500
0.883985900
0.884747000
0.878676900
0.876422300
0.878642300
0.882169500
0.878649500
0.881419300
0.884166900
0.880128500
0.879296400
0.883007700
0.879216200
0.881416800
0.876644300
0.885811100
0.883741900
0.878596200
0.877177600
0.880720000
0.883576600
0.883367100
0.885083600
0.878139600
0.875534000
0.874647400
0.878276800
0.874589900
0.876424100
0.876308900
0.883117200
0.877324800
0.878008100
0.881606600
0.880161600
0.883549400
0.881606100
0.883234400
0.882758900
0.882842800
0.879095900
0.874095900
0.872797800
0.886745400
0.888831900
0.879191800
0.875597900
0.883457600
0.878616500
0.875599900
0.877246000
0.877864800
0.891557800
0.882199300
0.889269100
0.882795500
0.879261200
0.881605800
0.874889800
0.889236800
0.888150200
0.893261900
0.892704700
0.882544100
0.884825200
0.882564300
0.879929600
0.890982900
0.893832400
0.886843000
0.889958700
0.882143200
0.882199200
0.881361400
0.891336800
0.891969500
0.885671500
0.880728700
0.886498500
0.885159200
0.888052600
0.892254700
0.886524700
0.891176200
0.887099200
0.876845800
0.876909100
