0.751784100
0.701009500
0.714415300
0.724382200
0.701498400
0.700024700
0.701096200
0.703162500
0.697651600
0.693908000
0.699088500
0.692916800
0.691191100
0.694692000
0.692474500
0.698070000
0.706891800
0.687972800
0.687363100
0.696645700
0.696374400
0.698579200
0.695522800
0.694319000
0.704083500
0.706875800
0.704988300
0.700504300
0.700176600
0.700514400
0.705318000
0.694720900
0.751867700
0.806908100
0.733333000
0.841673800
0.775174600
0.822033400
0.793977900
0.738125500
0.734269500
0.738519300
0.731320800
0.710819300
1.770260000
2.425887100
0.725527300
0.729852000
0.708164600
0.728123600
0.709033400
0.729327200
0.745399600
0.715721700
0.703684700
0.710201800
0.709707500
0.717600900
0.716637500
0.723092000
0.716649600
0.693774200
0.705599200
0.708931800
0.715425000
0.700706700
0.704542500
0.697843500
0.705803600
0.700029400
0.705204300
0.706571500
0.702810100
0.720664900
0.714824000
0.694446600
0.720138800
0.708062500
0.702847000
0.708265800
0.727819800
0.724928000
0.712446400
0.695855900
0.697252800
0.700477500
0.698104500
0.697974400
0.702555300
0.693942500
0.703854900
0.700289100
0.708305900
0.703355600
0.703154900
0.699523300
0.914443200
0.728494400
0.706912600
0.707930200
