0.690383700
0.682159700
0.686407100
0.690254000
0.686227900
0.684995900
0.687015600
0.687074900
0.685047400
0.685995800
0.686327300
0.690378000
0.690162100
0.692286900
0.685265700
0.686094800
0.688217600
0.685833200
0.688998300
0.687637600
0.684792300
0.687790700
0.686978000
0.685457700
0.685761200
0.689158500
0.689406900
0.686272100
0.687802300
0.689266200
0.688778800
0.686877200
0.687829300
0.685322800
0.686965700
0.688709000
0.685492500
0.686578600
0.686122300
0.685716800
0.689246200
0.686864800
0.684899600
0.687310800
0.686932700
0.685203500
0.692439200
0.694604200
0.686783000
0.686973200
0.685885800
0.686423500
0.690159500
0.685966500
0.686859900
0.686416600
0.689875300
0.692401600
0.685298300
0.690087700
0.687952000
0.683972000
0.688192000
0.686504400
0.694331700
0.692968800
0.687614000
0.685430700
0.686158200
0.686615200
0.687402400
0.685309000
0.687538100
0.686482200
0.688380900
0.693779200
0.707699000
0.687819700
0.686553600
0.686644900
0.686336600
0.686089400
0.685691100
0.685087000
0.685813300
0.686341800
0.686035400
0.686554000
0.685839700
0.686007500
0.692319900
0.698304000
0.689144100
0.697883900
0.703801800
0.689967200
0.695572600
0.695441600
0.687272400
0.703501500
