0.059937800
0.058837600
0.058624700
0.059621600
0.057913700
0.057540000
0.057481300
0.057589800
0.058977200
0.059751800
0.058626500
0.060495000
0.059229500
0.058790600
0.059701800
0.059342300
0.058609200
0.058629600
0.059485200
0.059619300
0.059555600
0.059405000
0.058719800
0.059070200
0.058535900
0.058664400
0.058705700
0.058626800
0.059733900
0.059647100
0.059648400
0.059635200
0.059603600
0.059027500
0.058658100
0.058630300
0.058651600
0.058622600
0.058629500
0.058652800
0.058635800
0.058663500
0.058495100
0.058510600
0.060309700
0.060202200
0.059701500
0.059883000
0.059839500
0.059481800
0.059545200
0.059283200
0.059759600
0.059617100
0.060249200
0.059318800
0.059214600
0.059397600
0.059164200
0.059894400
0.059414800
0.059494900
0.061091500
0.059417200
0.060027100
0.058956800
0.058441900
0.058645100
0.058621500
0.058608500
0.058333500
0.058353600
0.058405400
0.058399200
0.059175000
0.058686300
0.058383500
0.057796700
0.058220200
0.059799700
0.060579800
0.060576000
0.059076000
0.059586600
0.059277400
0.059934700
0.059486800
0.059301800
0.059267800
0.059458000
0.059296100
0.059151800
0.059732800
0.060007500
0.059883300
0.058941400
0.059605400
0.059301400
0.059233600
0.059650900
