0.061470100
0.059147000
0.059054400
0.059124800
0.059188900
0.058106000
0.059214900
0.061016500
0.061175800
0.060985600
0.060739800
0.061173900
0.061988400
0.058637400
0.058548600
0.058575000
0.058527400
0.058567200
0.057257100
0.058564400
0.057252900
0.057987300
0.057941300
0.057902900
0.058408500
0.058060700
0.057982700
0.056783600
0.057466700
0.058394900
0.058584100
0.058676800
0.059288000
0.058605300
0.058616400
0.058634800
0.058670300
0.058748100
0.058632100
0.058567600
0.058637300
0.058623000
0.059746400
0.058746900
0.058539000
0.057930700
0.058252300
0.057896100
0.058690100
0.058631100
0.058544800
0.058713300
0.059624600
0.057400500
0.057123100
0.058543900
0.058715900
0.058677400
0.058643200
0.057805300
0.056282800
0.058095400
0.059030300
0.058744300
0.059015600
0.057697400
0.057976700
0.058625400
0.058056200
0.057467400
0.056778900
0.057447900
0.058973200
0.058737700
0.058171100
0.058265100
0.058450500
0.061848000
0.058480600
0.059190600
0.059410700
0.062066300
0.058827100
0.058205300
0.056688100
0.058251500
0.058609500
0.058732500
0.058829800
0.058697700
0.058369900
0.057122100
0.058666600
0.058649900
0.056697400
0.057995200
0.057912500
0.058627000
0.058592700
0.060197300
