0.072577900
0.073093900
0.075590400
0.074353300
0.075143600
0.068679100
0.067591700
0.068270700
0.068357000
0.068348100
0.068259700
0.070218500
0.067340300
0.069972400
0.070450500
0.069943700
0.070725400
0.072429100
0.071473000
0.072462700
0.072768500
0.072673600
0.073465100
0.072188000
0.070652400
0.072748000
0.077193500
0.077252200
0.077087400
0.077550900
0.077177500
0.077018600
0.077422300
0.077016900
0.077492900
0.077494800
0.077480900
0.077484600
0.076354300
0.069918200
0.070496300
0.070478000
0.070480700
0.070503200
0.070444200
0.070454300
0.070393700
0.070412200
0.070440900
0.070428100
0.070435900
0.070432500
0.070414600
0.071405200
0.072478500
0.075320200
0.075196900
0.074258500
0.075389800
0.075973700
0.075785100
0.075222000
0.075137300
0.075772100
0.069060700
0.070462600
0.071287300
0.075412700
0.077499900
0.077513200
0.076121200
0.076527100
0.073928200
0.075427000
0.075828000
0.076201600
0.076099300
0.075339600
0.076055000
0.075500900
0.072790100
0.075896100
0.075993500
0.074764700
0.074271400
0.075357800
0.074595900
0.075556800
0.075625800
0.074514800
0.075441100
0.075722700
0.076860600
0.074427300
0.073595900
0.075408100
0.075798100
0.075983200
0.075516500
0.074130400
