0.394613000
0.378751600
0.371614500
0.373211600
0.372560100
0.374272700
0.377241300
0.372701300
0.377359800
0.374240200
0.369775500
0.374942700
0.368316800
0.370391500
0.375565100
0.371156700
0.397242800
0.369343000
0.371917200
0.370971200
0.368372100
0.382510200
0.370765800
0.370362400
0.372417100
0.371837900
0.368188800
0.374303300
0.371058900
0.374054900
0.373260500
0.367484200
0.374342100
0.368021600
0.371031500
0.375957300
0.368040100
0.368023800
0.417780700
0.373756600
0.375694300
0.369700300
0.368273000
0.372421400
0.381232200
0.371629100
0.376250800
0.370820700
0.371989100
0.372271100
0.368476800
0.373367700
0.371497800
0.368197300
0.395638100
0.368762200
0.371986400
0.372710100
0.368531300
0.373767000
0.369068000
0.370424000
0.372755700
0.375275600
0.373168100
0.395949900
0.370665700
0.370821700
0.371423200
0.368113400
0.373015700
0.374835500
0.370698000
0.374173500
0.389383700
0.376960100
0.369449600
0.367549000
0.372950400
0.368691000
0.371582800
0.367869200
0.373200000
0.371634900
0.371661600
0.371539600
0.372711900
0.371108400
0.369859000
0.379429000
0.370908100
0.371439900
0.373074200
0.369967300
0.371079800
0.376259100
0.369801300
0.374435500
0.372757700
0.373083600
