0.363694600
0.371894800
0.370124200
0.362517900
0.368083900
0.367507100
0.363131700
0.365198300
0.370644100
0.362632200
0.359628500
0.394386900
0.365040500
0.364872300
0.368372300
0.371029500
0.364784000
0.371605200
0.360953700
0.366043600
0.391102600
0.367220500
0.373473300
0.395380000
0.371875200
0.386002500
0.377259400
0.373196700
0.374561400
0.378653700
0.402326500
0.364022000
0.381502300
0.382287000
0.375717000
0.371405400
0.373907500
0.374464300
0.383716600
0.374614500
0.372206100
0.381427800
0.371067400
0.370547000
0.374375400
0.367400300
0.381318300
0.403736200
0.372381300
0.373735200
0.384621000
0.379404400
0.375692500
0.369194100
0.378139400
0.374274100
0.373553400
0.381232500
0.378347500
0.374654600
0.376286000
0.376834100
0.382691100
0.373359700
0.364844100
0.375754000
0.404526800
0.370350800
0.376894900
0.368989500
0.378589400
0.377377000
0.376093300
0.384995000
0.368296500
0.377349900
0.387735400
0.373382700
0.385506600
0.392004500
0.367516600
0.375032900
0.374268200
0.372618200
0.375108600
0.403896100
0.384394400
0.380855000
0.392646900
0.373971200
0.383036700
0.384561500
0.374275800
0.376253100
0.383908900
0.381517600
0.378006300
0.375385400
0.376174800
0.381498800
