1.174328800
1.138944200
1.122414200
1.121479700
1.125957700
1.133831700
1.124395700
1.121827500
1.119474600
1.123657100
1.116360400
1.156180800
1.123944300
1.117260200
1.129904100
1.148598800
1.128801200
1.146271400
1.152555700
1.163518700
1.152435000
1.192258200
1.147716700
1.128753400
1.124941100
1.126399700
1.129612700
1.128632100
1.128515100
1.140323800
1.129643600
1.117092400
1.126052600
1.134746100
1.127449900
1.190765300
1.117944400
1.118854100
1.117071300
1.131496400
1.122228000
1.130685600
1.127677300
1.114812900
1.136685000
1.113898500
1.102843100
1.100235800
1.139182800
1.129828000
1.108515500
1.120164800
1.126260300
1.114666400
1.118788400
1.116609600
1.120298000
1.129779600
1.121135300
1.119484900
1.123036800
1.125849200
1.122666400
1.120367200
1.124385600
1.149754800
1.125518900
1.119757400
1.124164800
1.120040100
1.131586100
1.146050800
1.208328500
1.129581500
1.133256200
1.144309600
1.116920200
1.138102800
1.116253700
1.125142500
1.121358100
1.127057300
1.134357000
1.155539500
1.119430000
1.128215800
1.120384500
1.124481800
1.123965600
1.117745700
1.119253900
1.122574200
1.117164300
1.116331200
1.121517600
1.118218500
1.115999300
1.110624900
1.112730600
1.139885400
