0.617733200
0.590686500
0.588959600
0.593888700
0.611438200
0.593155700
0.588054000
0.591097800
0.590253400
0.591224600
0.604371800
0.580451300
0.585088400
0.588317900
0.585907500
0.588678500
0.584291400
0.591502900
0.586965400
0.588001300
0.604482600
0.594296600
0.594612000
0.589104200
0.587951000
0.587877700
0.585079500
0.596988900
0.588692100
0.588293400
0.588940000
0.588522300
0.588915500
0.590723600
0.589569900
0.592381500
0.590770500
0.595112100
0.586287300
0.588116900
0.588375400
0.588814500
0.606374200
0.591828900
0.598144800
0.591815000
0.590900500
0.599853400
0.588416300
0.588337700
0.590289800
0.590397200
0.588126100
0.595084700
0.589990200
0.586292300
0.596755000
0.589689000
0.596443800
0.601249200
0.588229300
0.589025700
0.597704500
0.629353100
0.585934700
0.597009700
0.584754500
0.583379200
0.589100300
0.585191900
0.590448600
0.596940100
0.590897900
0.581584800
0.587784700
0.590076400
0.588327800
0.594892300
0.589204000
0.589067800
0.593233300
0.595640200
0.584924800
0.588002800
0.586632600
0.589468100
0.587690700
0.575997600
0.588362200
0.596424500
0.607569300
0.604021400
0.589269000
0.585509700
0.589314400
0.586433900
0.584745600
0.596743400
0.591682600
0.585492900
