0.726827800
0.693136700
0.724853500
0.748867600
0.698949100
0.715021200
0.747537500
0.726395500
0.723510600
0.735009500
0.727261700
0.715704200
0.701733900
0.724861800
0.705221200
0.705146100
0.707901800
0.703775000
0.747129100
0.732769100
0.747350200
0.737732900
0.689586000
0.690251000
0.694276000
0.684828500
0.694351400
0.750388200
0.698566200
0.690913900
0.696348600
0.719882300
0.707776100
0.701462000
0.703961900
0.691462300
0.699453600
0.683663300
0.700054800
0.699537000
0.683937900
0.687926800
0.695214200
0.697851600
0.697506500
0.722908500
0.714064900
0.687744700
0.701856600
0.730133700
0.771631600
0.774412600
0.723105400
0.707224900
0.705250900
0.696464000
0.697264400
0.683422200
0.700829300
0.693060600
0.728847600
0.692478000
0.706265300
0.700547300
0.711330800
0.690248300
0.690451000
0.705137600
0.706561400
0.692197200
0.703781000
0.682456000
0.696392000
0.717544900
0.729859800
0.699485200
0.684869500
0.691785000
0.704887000
0.726810600
0.723762600
0.695877100
0.694193400
0.689317100
0.705159600
0.704977400
0.694207700
0.706603800
0.757464200
0.731856800
0.677335100
0.741866800
0.709004300
0.724801500
0.728964900
0.698158800
0.688276900
0.697555900
0.709220700
0.723116100
