0.591069500
0.584125700
0.588552100
0.589855100
0.588473500
0.596383600
0.567423900
0.586873900
0.574814500
0.595377700
0.587300200
0.585173800
0.585569600
0.589071500
0.591292100
0.590966000
0.583639700
0.578803200
0.591710000
0.591302100
0.587971500
0.590749800
0.576532800
0.572957500
0.580688200
0.588879600
0.589459800
0.589971300
0.589340500
0.597261600
0.593346100
0.598385600
0.592868800
0.591297100
0.588985700
0.569239400
0.578917100
0.593968400
0.594626200
0.575395100
0.588326300
0.590772700
0.571705700
0.587503800
0.577834800
0.590433300
0.595785200
0.588950700
0.590399700
0.590359200
0.591257400
0.589401000
0.591735700
0.589934200
0.589340200
0.590135500
0.589551000
0.591422600
0.595262800
0.584784200
0.592056600
0.589905700
0.590933700
0.595897700
0.589968600
0.590508400
0.590055700
0.591005800
0.590207500
0.589916200
0.590044100
0.589065800
0.589775700
0.579123100
0.584038900
0.589333700
0.590608900
0.590900700
0.589126600
0.588530200
0.587241000
0.590222000
0.590337800
0.596126200
0.595096500
0.590002600
0.595779900
0.592941100
0.593190100
0.595191500
0.595528600
0.594869900
0.586850400
0.579453000
0.587588600
0.587884700
0.590157000
0.588888800
0.594065700
0.590121700
