2.050888899
2.050337158
2.057425316
2.051048040
2.056897975
2.057232183
2.057222326
2.052823328
2.054669746
2.048537583
2.048916719
2.055685240
2.050349799
2.046161579
2.052059184
2.050113961
2.050745140
2.053153327
2.052427453
2.053564592
2.049461872
2.049442696
2.064697803
2.051222372
2.048261666
2.046868823
2.057116387
2.051331309
2.054103590
2.065873486
2.050852268
2.054166485
2.051424031
2.049155469
2.050373901
2.052892437
2.056607031
2.058011040
2.060698858
2.061077047
2.053944740
2.052422198
2.050541949
2.049102532
2.050134521
2.048722272
2.051434849
2.058331896
2.048281734
2.053080546
2.047752157
2.056269859
2.049966307
2.051459240
2.054060736
2.049834231
2.047849039
2.053624628
2.050935964
2.054334136
2.048907220
2.052656130
2.049755543
2.059938707
2.065763098
2.051373789
2.054915327
2.061224213
2.057816162
2.055669131
2.055351964
2.055730035
2.050822545
2.052604012
2.052093371
2.052173870
2.050913459
2.051302383
2.048064901
2.049896782
2.053745258
2.058660571
2.053984020
2.049324536
2.049680289
2.048652338
2.060230167
2.047576154
2.053576234
2.051654527
2.054766948
2.051024678
2.049934016
2.065512793
2.050763951
2.051393968
2.050441543
2.053651468
2.054097395
2.052658924
