2.036516182
2.039885966
2.036879675
2.035253571
2.042484386
2.035214160
2.040462655
2.040131191
2.035825388
2.036860535
2.036638338
2.038826983
2.046409721
2.034379304
2.038389266
2.036315745
2.035595907
2.040599721
2.041271889
2.043141449
2.048995535
2.040436464
2.041557081
2.034941654
2.035576319
2.039450837
2.033997166
2.046150850
2.034936313
2.039480650
2.040013466
2.038955555
2.038838505
2.046983326
2.036708279
2.038440588
2.037475333
2.041089437
2.037842524
2.043085130
2.042561673
2.044563599
2.036617280
2.037612290
2.036698819
2.040450521
2.036309285
2.038695409
2.041218818
2.042779804
2.039968816
2.039322848
2.038672788
2.046305198
2.037638204
2.038194135
2.038712924
2.045478210
2.036945372
2.040372448
2.045030265
2.039102455
2.036771776
2.039358898
2.041194564
2.037943808
2.039118417
2.040296656
2.038927790
2.039963964
2.037756723
2.039235949
2.038856801
2.033115832
2.038595730
2.043156320
2.036109739
2.037567270
2.034687251
2.038271031
2.045321908
2.039532479
2.035502013
2.049632244
2.038881474
2.037674754
2.048426432
2.038356458
2.038404006
2.035703986
2.047062297
2.038661587
2.035627196
2.035409955
2.034219423
2.039602286
2.034316003
2.033730662
2.037321075
2.038046468
