2.487163001
2.485780288
2.486682664
2.483245843
2.491194356
2.484948233
2.490782111
2.500208622
2.490549923
2.497331093
2.486416359
2.482672629
2.485528279
2.485509881
2.490823038
2.493950982
2.483407887
2.478116269
2.483160988
2.480449139
2.488730845
2.482138184
2.484184270
2.483469642
2.486567964
2.478629493
2.490699622
2.484515474
2.488864750
2.484135165
2.483976180
2.486389334
2.495077966
2.488544796
2.480418519
2.487674952
2.485311773
2.480407381
2.485744494
2.480448559
2.487031660
2.488272258
2.486125207
2.490533733
2.488255520
2.487873001
2.484914803
2.494088013
2.491890475
2.486757821
2.480983148
2.486130442
2.482242894
2.484392624
2.480414763
2.481771897
2.490337962
2.487267230
2.487983128
2.481731324
2.484721926
2.488558090
2.488239453
2.482236564
2.501721692
2.478637816
2.485501937
2.483136082
2.485729908
2.481182282
2.480371685
2.481538990
2.485954533
2.480356441
2.485028852
2.480031073
2.485324900
2.480678495
2.488813591
2.485092115
2.493326293
2.479706751
2.480325631
2.484014695
2.484388090
2.480255703
2.480327579
2.480779489
2.489436115
2.483405037
2.487333625
2.482834033
2.490888133
2.492862243
2.489205687
2.490213086
2.487258045
2.481840021
2.480842540
2.486831365
