0.000261000
0.000250600
0.000254300
0.000250600
0.000250600
0.000398900
0.000250500
0.000250500
0.000250600
0.000254200
0.000250600
0.000257200
0.000250500
0.000254200
0.000250500
0.000250600
0.000277800
0.000474600
0.000563700
0.000565500
0.000544200
0.000250500
0.000250500
0.000250500
0.000250900
0.000250600
0.000254100
0.000250500
0.000250600
0.000250500
0.000250500
0.000250500
0.000254200
0.000254200
0.000250500
0.000250600
0.000254200
0.000250500
0.000250600
0.000250600
0.000250600
0.000254000
0.000250600
0.000250600
0.000254200
0.000250500
0.000250600
0.000250500
0.000254000
0.000250500
0.000250500
0.000250600
0.000254200
0.000250500
0.000250500
0.000250600
0.000256700
0.000250500
0.000250500
0.000250600
0.000250500
0.000250500
0.000250500
0.000250500
0.000253800
0.000250500
0.000250500
0.000250500
0.000254200
0.000250600
0.000250500
0.000250600
0.000257400
0.000250500
0.000250500
0.000258000
0.000250900
0.000250600
0.000250600
0.000254200
0.000250600
0.000250500
0.000250500
0.000250500
0.000254300
0.000250500
0.000250500
0.000253700
0.000254200
0.000250500
0.000250600
0.000250500
0.000250800
0.000250500
0.000250500
0.000253200
0.000253900
0.000250500
0.000250600
0.000250600
