0.035795800
0.036128200
0.035764000
0.035239000
0.036847700
0.035626200
0.036404000
0.035775700
0.035638200
0.035883400
0.035050900
0.036520400
0.036899100
0.036241600
0.035652600
0.035194800
0.034508300
0.035425700
0.036042100
0.036108600
0.035719900
0.035694500
0.036219800
0.035026700
0.034981500
0.035625800
0.035268700
0.035003500
0.035217900
0.035275300
0.036132300
0.035331100
0.034976300
0.035659800
0.039981900
0.037122400
0.076750400
0.050521600
0.039952000
0.056655900
0.052818100
0.058706400
0.089686500
0.046009100
0.049416900
0.046836000
0.039808700
0.040797500
0.036885800
0.039757400
0.036910100
0.044120200
0.040507400
0.037692300
0.038707600
0.039515200
0.035559600
0.036469100
0.040847400
0.036867000
0.045098600
0.038680000
0.041095100
0.037438800
0.039098800
0.038866300
0.038807600
0.037782200
0.037721900
0.036690900
0.036045400
0.044765800
0.036658000
0.038408300
0.035142500
0.034617500
0.036634800
0.036684000
0.036534200
0.037568900
0.035182800
0.034559700
0.034998800
0.040542600
0.037810400
0.036837700
0.037777400
0.036312500
0.036668800
0.034897500
0.036018700
0.035721000
0.034817500
0.035490800
0.034500100
0.035174600
0.036654600
0.035269300
0.034550300
0.035095600
