6.230065700
6.368757500
6.337532600
6.364483500
6.305137800
6.288051000
6.243783500
6.252404700
6.223544000
6.309275900
6.356719500
6.270696200
6.299233100
6.354755400
6.334424100
6.322323600
6.332211400
6.308625600
6.271885700
6.236739200
6.334975400
6.229043400
6.414083000
6.356042600
6.319701600
6.282689400
6.260334000
6.326294100
6.297204100
6.344092400
6.368606400
6.328650500
6.357629700
6.274046300
6.306181100
6.270409400
6.244775600
6.232525500
6.316625300
6.256871800
6.286504600
6.343491800
6.336050100
6.292643700
6.281381400
6.323696500
6.331353100
6.359979700
6.331906800
6.277767100
6.302939600
6.344527600
6.276285800
6.359181100
6.263496000
6.348777400
6.297424700
6.310938500
6.320564400
6.333327000
6.321484400
6.288803400
6.302937100
6.250167600
6.213206700
6.227109200
6.283068200
6.260674400
6.300003900
6.479207200
6.310358500
6.346741200
6.388628000
6.310972600
6.513407700
6.167167600
6.348952700
6.309935800
6.296081600
6.314300000
6.371574100
6.325833600
6.295492700
6.325470200
6.332433500
6.270367400
6.338562100
6.283020300
6.313372100
6.323555800
6.299087400
6.319205900
6.225049000
6.309861400
6.327532900
6.316962200
6.340152600
6.229850700
6.250425100
6.242785500
