6.321213000
6.339565000
6.279246300
6.344140100
6.260134300
6.263250900
6.319270700
6.316859400
6.192256600
6.293668300
6.323434000
6.287386000
6.313748000
6.290005100
6.196601300
6.235474800
6.279082400
6.151010900
6.257808700
6.194403500
6.201575000
6.176748300
6.233690200
6.202290900
6.286048100
6.201860200
6.104061700
6.212403700
6.158878800
6.157421600
6.195399000
6.205294800
6.257487400
6.238843200
6.239083200
6.219660600
6.160185600
6.171325500
6.231855400
6.220892500
6.222383700
6.222613400
6.254648100
6.250892900
6.266446000
6.183243400
6.113312400
6.173658400
6.137759200
6.202952500
6.238337800
6.142746500
6.248563800
6.222890500
6.164031600
6.223923700
6.155977700
6.223367600
6.213912900
6.059124100
6.077634900
6.175309400
6.222658900
6.262525000
6.219536500
6.133381000
6.129746500
6.172327500
6.116641000
6.114827300
6.229242900
6.204224200
6.147863200
6.125510700
6.123411400
6.153189100
6.141158900
6.169700800
6.207025200
6.210549600
6.218311600
6.196346700
6.262512700
6.219449600
6.207605600
6.235635400
6.223919600
6.221906100
6.250304400
6.304091800
6.168295100
6.193294800
6.125749200
6.109064600
6.187070100
6.264268600
6.166258800
6.208181300
6.218752700
6.127111800
