6.077215600
6.145200800
6.150729400
6.144887900
6.137730300
6.138975300
6.134140800
6.322446900
6.139676400
6.115208900
6.134914800
6.161176400
6.162213400
6.156096700
6.175744900
6.112492500
6.139734500
6.338180500
6.129551800
6.149074100
6.134227300
6.144377400
6.155153500
6.162785000
6.205481300
6.149025700
6.161476900
6.160744000
6.163651900
6.127345200
6.127477700
6.121995800
6.125280700
6.122331100
6.150881600
6.140166900
6.084438500
5.998091400
6.000344600
6.006728000
5.985573000
5.981974500
5.991617300
5.974494700
5.961533100
5.979649100
6.180945800
6.421248100
6.340439000
6.295307400
6.207529100
6.192091000
6.195358200
6.228317900
6.434867000
6.298855900
6.214423200
6.197349000
6.238694700
6.202268600
6.239089700
6.155729300
6.219519900
6.210874800
6.215675700
6.186297200
6.165744500
6.305927100
6.292172600
6.225220800
6.238072700
6.197512300
6.233026400
6.240925400
6.274433300
6.250395700
6.219807400
6.235186300
6.197188600
6.284394700
6.251850800
6.199512900
6.200996600
6.231448800
6.263102000
6.180609800
6.217230300
6.277727400
6.173520400
6.146524900
6.263689200
6.220608400
6.248890100
6.165646900
6.178286300
6.189988100
6.169455600
6.207742300
6.232987600
6.197018300
