0.724259300
0.704849100
0.717075500
0.714528500
0.740313400
0.738658800
0.734777400
0.721285500
0.713667900
0.720345400
0.722107400
0.720429800
0.723769200
0.718979000
0.721453600
0.722502300
0.722230800
0.720311800
0.710526900
0.720165000
0.790728400
0.733936100
0.710750300
0.717392500
0.737202600
0.710081800
0.717312800
0.714913500
0.722611000
0.723638100
0.726126800
0.733237800
0.717941400
0.723753300
0.720041600
0.718797600
0.730849500
0.722116600
0.725590400
0.719996700
0.745146900
0.745851400
0.725987100
0.720401000
0.742452500
0.748870300
0.751740900
0.714335400
0.720762000
0.721918700
0.726982200
0.732190300
0.728733700
0.738836500
0.729306600
0.736661100
0.748099200
0.744502600
0.733040400
0.739809400
0.738102600
0.748838100
0.754525000
0.717579100
0.741574200
0.741493800
0.722415700
0.713923500
0.717431200
0.745486800
0.737316300
0.720997100
0.728870500
0.719330300
0.724274600
0.731846400
0.725097800
0.747041200
0.729490700
0.745768100
0.749371100
0.739522400
0.735467900
0.722682000
0.724977200
0.730376700
0.713760800
0.732206800
0.722480200
0.740748300
0.717030200
0.740479800
0.737008000
0.715845900
0.747974800
0.744210200
0.745892600
0.750829700
0.744780100
0.748474400
