0.341032700
0.335979400
0.342454000
0.340206100
0.341135400
0.342227300
0.340353800
0.340808300
0.341988500
0.341409000
0.341091400
0.341177600
0.340564000
0.340750000
0.342848300
0.341521600
0.340940000
0.341793000
0.340722700
0.340667700
0.341409100
0.341002300
0.341322200
0.341292400
0.340521300
0.340308600
0.341390800
0.340525100
0.340835300
0.341417300
0.340802700
0.340840500
0.341584300
0.340750700
0.340373900
0.342773900
0.340698100
0.343622400
0.341691200
0.340576000
0.340852000
0.341513300
0.340833300
0.340664000
0.341738800
0.340781400
0.340449200
0.343189800
0.340650600
0.340743600
0.341858400
0.340533700
0.340492400
0.341760000
0.340746000
0.340664000
0.341470300
0.340603000
0.340437900
0.341318600
0.340965200
0.340690900
0.343544600
0.342107100
0.346577700
0.341557700
0.340681000
0.340407900
0.341774000
0.340616600
0.341144600
0.341343200
0.341226800
0.340631900
0.341080600
0.340450600
0.343206400
0.340889200
0.340384000
0.341312700
0.341546200
0.340509300
0.342584000
0.340441900
0.340981200
0.341801100
0.340551700
0.340716900
0.342025500
0.340741000
0.340946900
0.341755800
0.340500500
0.340300400
0.341405300
0.340371100
0.340441900
0.341272300
0.341103800
0.340810700
