0.361263900
0.339891400
0.348674900
0.340200100
0.340847900
0.360602100
0.350544200
0.348319500
0.361381300
0.349502300
0.551179800
0.347026500
0.344929000
0.361558300
0.427480800
0.347870500
0.346718800
0.346351800
0.345424100
0.346897800
0.350052000
0.342641300
0.342564200
0.344663200
0.342048500
0.342704500
0.344987200
0.363369000
0.351305700
0.357085100
0.351506400
0.349873000
0.356014100
0.351227300
0.340588600
0.350555100
0.346771000
0.344365600
0.349086400
0.341944800
0.368425200
0.359361900
0.341159200
0.343577000
0.344994900
0.340795300
0.339949500
0.343288400
0.341142900
0.341788400
0.341476700
0.341988600
0.341144000
0.355360000
0.340973300
0.343802100
0.342851400
0.342840800
0.340825900
0.346997400
0.341123700
0.346248600
0.343781000
0.346570300
0.345495800
0.343782700
0.342125000
0.343084000
0.354528900
0.375474600
0.346550000
0.346530800
0.350328800
0.350388400
0.392264200
0.565288500
0.354057100
0.351158400
0.343515600
0.351172600
0.343639400
0.356730800
0.354624100
0.348320400
0.347481800
0.363202700
0.357951600
0.346158700
0.345557300
0.342759100
0.347109300
0.348456800
0.350065100
0.343167500
0.348585900
0.341829800
0.344534800
0.355444100
0.346000400
0.348510100
