0.207134195
0.204568412
0.205302649
0.206820894
0.204671308
0.205387089
0.204669625
0.205406426
0.204636873
0.204720531
0.205955951
0.204683391
0.205840225
0.205006826
0.204887860
0.206864455
0.204422147
0.204552716
0.204492481
0.204499715
0.206300689
0.204523709
0.205757095
0.204672644
0.206017535
0.205711964
0.204564126
0.204536195
0.204622098
0.204518651
0.205762115
0.205685748
0.204658707
0.204402840
0.204570158
0.205607068
0.205073120
0.205339602
0.204883365
0.205289476
0.205879135
0.204701308
0.205232448
0.204882873
0.205474728
0.206116417
0.207228998
0.204714223
0.204849009
0.205686188
0.204495197
0.206584083
0.204641194
0.206872820
0.205723371
0.207442797
0.204528424
0.204543031
0.204518965
0.205534596
0.205502651
0.205417949
0.206046629
0.205670033
0.206983866
0.205870459
0.204656247
0.206102234
0.204620418
0.206993218
0.204549503
0.205509273
0.204937646
0.204638283
0.205166633
0.204524355
0.204522433
0.205457545
0.204963341
0.206360626
0.204478389
0.204507975
0.204947370
0.204488017
0.205769102
0.204800981
0.204603726
0.204731560
0.204717573
0.205397866
0.204693828
0.204455304
0.205404784
0.204799909
0.205668466
0.204543553
0.204485963
0.204472106
0.204538893
0.205674723
