0.225254446
0.222949510
0.222862523
0.224507922
0.222807530
0.224001219
0.222990889
0.222851203
0.222858465
0.223992101
0.223085398
0.222854940
0.222946314
0.223679762
0.223829292
0.223174217
0.223755782
0.222945302
0.224777625
0.223660542
0.223911563
0.222892651
0.223094676
0.224718221
0.222952055
0.223011167
0.223453923
0.225472936
0.223043318
0.223178835
0.223785859
0.223190638
0.224866122
0.223249989
0.223167845
0.223594837
0.225002462
0.223466963
0.233875513
0.222835242
0.222877713
0.224221052
0.223037888
0.223601289
0.223064939
0.224121247
0.222867013
0.222806898
0.222915104
0.223958488
0.224807392
0.223636656
0.223326025
0.223058096
0.226811982
0.223075219
0.223056545
0.222945693
0.223451419
0.224395325
0.222739421
0.222731565
0.222769298
0.224089246
0.222662415
0.222692293
0.222715325
0.222809463
0.224234995
0.222896449
0.223020374
0.222934392
0.223890794
0.224287183
0.222885680
0.222920625
0.222964829
0.224096713
0.222866702
0.226024926
0.222867676
0.225031787
0.224864184
0.223993695
0.222876401
0.222938780
0.224233617
0.222839441
0.222883254
0.222843899
0.222914961
0.225985278
0.222864344
0.222888720
0.222748695
0.223855480
0.222820901
0.222906295
0.222775026
0.222962101
