0.207248255
0.204816832
0.205025729
0.205855628
0.205848042
0.204732292
0.206796124
0.204936030
0.204655096
0.205735290
0.205803173
0.204702928
0.204680364
0.207005869
0.206642655
0.205398188
0.204622846
0.204543163
0.205447852
0.205559125
0.204843464
0.204673190
0.204576758
0.206217185
0.206185536
0.204605762
0.204695904
0.205417561
0.205461889
0.204631011
0.204619638
0.204659765
0.204638094
0.208344454
0.204558313
0.205824047
0.204673891
0.204661129
0.206198600
0.204610292
0.204635709
0.204540087
0.204493029
0.205484713
0.204589381
0.210126091
0.206833946
0.205286469
0.208328602
0.204581308
0.204685517
0.204596397
0.204593593
0.206202670
0.205270118
0.204617358
0.205261917
0.206474102
0.205219712
0.204497239
0.204502559
0.204639048
0.204508471
0.205532652
0.204459990
0.204544679
0.204436182
0.207462652
0.206400291
0.205545632
0.204746312
0.204718921
0.204728008
0.205852344
0.204741504
0.204635351
0.204632727
0.207131791
0.205563827
0.204635252
0.204538127
0.204585427
0.204657914
0.213758613
0.205711056
0.204701762
0.204655305
0.206854375
0.206317834
0.204823143
0.206564663
0.205464162
0.204800582
0.206978625
0.204526420
0.204580602
0.204454092
0.204553652
0.205824317
0.204463299
