7.216326800
7.107511400
7.170249000
7.174155300
7.230035000
7.133287300
7.097579800
7.128350400
7.311198300
7.257849500
7.447388400
7.170715000
7.277872200
7.229089000
7.296665600
7.255919500
7.309576300
7.167359600
7.254425400
7.419172600
7.135749200
7.175625200
7.301552600
7.284843000
7.164495700
7.201767400
7.456010700
7.340934900
7.133297700
7.094788700
6.946595200
7.023227700
7.164427800
7.063938300
7.104462700
7.069157400
7.260174900
7.053010500
7.054287700
7.016906000
7.040594600
7.084724100
7.124846000
7.089670500
7.255107200
7.266488800
7.299334500
7.412192200
7.304534200
7.119162400
7.302133700
7.290896400
7.371627800
7.318984400
7.421157900
7.245306900
7.310565700
7.269148000
7.234440400
7.175088700
7.151538600
6.945841800
7.045002500
7.347601200
7.275561200
7.012593200
7.120779400
7.188562000
7.052635800
7.126405200
7.157454600
6.971689100
7.187879500
7.187146600
7.116794500
7.079794100
7.306119500
6.958540400
7.160740600
7.263092100
7.310586200
7.232756100
7.424771500
7.330640800
7.379843300
7.149088400
7.160430400
7.072617500
7.256979100
7.186499000
7.276946900
7.290384200
7.493076700
7.276659400
7.408345100
7.057911100
7.348357900
7.199502800
7.254285100
7.135742300
