5.871630000
5.956819800
5.932335500
5.929305700
5.886046600
5.872268900
5.901622500
5.881655400
5.871361500
5.899487700
5.883800100
5.898411200
5.933799900
5.945758600
5.918471200
5.937531700
5.928660600
5.944934900
5.871081700
5.881519100
5.859126600
5.935539800
5.955361500
5.927313500
5.915735300
5.915011000
5.892403500
5.932045200
5.932170300
5.932480100
5.906834200
5.939817700
5.929961000
5.910665600
5.873762600
5.867228500
5.903406200
5.855924800
5.872655300
5.934787400
5.918707200
5.905452000
5.873031300
5.861860700
5.876429800
5.890866600
5.899395800
5.875125400
5.876505600
5.913637800
5.947752400
5.928471000
5.855994500
5.922334300
5.922121400
5.927867100
5.901269900
5.938089000
5.943732900
5.872795400
5.939232200
5.899203200
5.857552400
5.891029600
5.934184200
5.891884100
5.923474200
5.920196800
5.928137200
5.940950500
5.936398400
5.920763900
5.931896700
5.919481100
5.932879200
5.908465300
5.926454800
5.902231800
5.906142100
5.942230500
5.945490000
5.898448500
5.860945900
5.918757600
5.902878800
5.906788800
5.928268100
5.866452900
5.900681500
5.921836200
5.929723500
5.937021900
5.901923200
5.924375600
5.908201300
5.893772900
5.901975200
5.880515900
5.885810600
5.887289700
