5.884424900
5.935343900
6.111452100
5.958930400
5.935969500
6.034748900
6.074883200
5.961100000
6.031537700
6.037900200
5.938614500
5.952139100
6.071528000
6.055677300
5.939411800
6.017782900
5.975969800
5.927410100
5.935595300
5.919070100
5.931701800
5.893081300
5.957381400
6.061684800
5.997949200
6.100685800
6.049605900
6.013130900
6.075346700
5.943779400
6.055215500
6.073232100
6.031120200
6.255668100
6.209793400
6.134982500
6.186898500
6.124703200
5.975652600
5.962201100
6.018722600
6.043309500
6.132937100
6.047205600
6.093086700
5.981835700
6.041481900
6.064551600
6.105462100
6.043877200
6.006708000
6.009792800
5.969562300
5.899655800
5.954625600
5.933002700
5.923986200
5.878071500
5.963205100
5.990083200
5.974933700
6.043859200
6.110980000
6.144285300
6.111517700
6.104688300
6.079926200
6.096403600
6.198232800
6.180760400
6.210288900
6.191096700
6.090910900
6.197943200
6.175006800
6.122313600
6.174697900
6.141488900
6.118315400
6.233128700
6.118521100
5.977197200
6.096385500
6.070658800
6.000588900
6.200665000
5.967603100
6.099206000
6.042732900
6.189454600
6.160610700
6.112775600
5.995986000
5.965934700
5.914033400
6.041271500
5.984063800
5.897882400
5.940999200
6.015830100
