0.071134800
0.069966600
0.069607000
0.070317700
0.069778400
0.069784200
0.069791200
0.069870600
0.070032900
0.070405900
0.069942000
0.069860600
0.069855700
0.069657200
0.069844500
0.071858600
0.070367500
0.068914200
0.069040000
0.069100900
0.068877300
0.068806000
0.068755100
0.068787100
0.068735100
0.068817000
0.068722000
0.068750100
0.068879700
0.068808800
0.069821100
0.068899500
0.068760000
0.068966000
0.069045900
0.068762200
0.068809800
0.068855000
0.068820700
0.068818600
0.068745000
0.068967500
0.068865500
0.068769300
0.069523200
0.069354900
0.068841400
0.068821500
0.068904400
0.068874300
0.068862800
0.068995600
0.069172100
0.068785800
0.068844900
0.068857700
0.068949200
0.068858400
0.069749500
0.070499400
0.069271900
0.068826900
0.068869600
0.068914200
0.068869800
0.068788700
0.068787700
0.068730500
0.068951700
0.068807500
0.068782900
0.068770400
0.068766400
0.068929400
0.071080600
0.068949300
0.068846400
0.069242900
0.068878500
0.068835800
0.070298200
0.069292300
0.069280000
0.069286400
0.069784400
0.070103200
0.070205900
0.070126600
0.070665700
0.068920100
0.068870000
0.068899100
0.068986400
0.068943700
0.069165800
0.068811200
0.068712600
0.068794500
0.068812000
0.068780200
