0.061459800
0.061772500
0.061398500
0.061143300
0.061130700
0.061347200
0.061007200
0.060521600
0.059098500
0.056878700
0.064526500
0.060709200
0.059695900
0.063131000
0.064495700
0.067865700
0.056894700
0.057809500
0.057824000
0.057629600
0.060343000
0.059840000
0.060240400
0.060524700
0.058197200
0.056904600
0.056842700
0.056756800
0.057725600
0.058059700
0.056764200
0.058307200
0.065642200
0.059971800
0.056900800
0.056928600
0.056840000
0.059928100
0.057250200
0.056881600
0.057279400
0.056861500
0.056834000
0.057497700
0.056774800
0.056787400
0.056778400
0.056694200
0.056712200
0.058227400
0.060862200
0.057687200
0.058617600
0.062829900
0.059620700
0.059170100
0.058787200
0.056828400
0.056859400
0.058925000
0.057186500
0.056893000
0.060010000
0.057007300
0.056944400
0.056794200
0.056966500
0.064486600
0.060406800
0.058930600
0.057184200
0.056871100
0.056910300
0.056779700
0.058380700
0.057288700
0.061953800
0.062539500
0.061685200
0.062210900
0.059956300
0.058983600
0.059000200
0.064058000
0.061644600
0.058842100
0.059454200
0.056773000
0.057011600
0.057896700
0.056922500
0.056777900
0.056901600
0.056871100
0.056896200
0.061130900
0.057723000
0.058033500
0.056790200
0.057269100
