0.066700600
0.066085400
0.066241200
0.065875400
0.065923400
0.066141100
0.067251800
0.066522600
0.065839400
0.065888400
0.066072100
0.066096500
0.068180200
0.066025100
0.064302300
0.066469300
0.066516100
0.066738100
0.066789200
0.065322100
0.066910700
0.066939300
0.066698300
0.066818100
0.067149000
0.067261700
0.067113000
0.068444300
0.068450400
0.067997200
0.068161900
0.068102700
0.067873000
0.067562000
0.067598600
0.067749800
0.067951900
0.068281200
0.068193100
0.067880500
0.067701800
0.067443600
0.067329400
0.068274500
0.067477400
0.068101100
0.067607100
0.067782900
0.067641100
0.067600400
0.067686400
0.067136000
0.067455300
0.067093100
0.067632100
0.067437700
0.067908700
0.066924900
0.066335700
0.066834800
0.066577000
0.066189200
0.065763300
0.066609700
0.066079700
0.065303700
0.065822900
0.065964300
0.065759900
0.066620100
0.065405300
0.066644900
0.066110600
0.065967900
0.066546800
0.066825400
0.066128200
0.066793900
0.067171600
0.066233400
0.066682400
0.066409600
0.065983900
0.066123700
0.063390600
0.063546600
0.063491600
0.064032200
0.069342000
0.065500700
0.064609100
0.066704200
0.067001600
0.066363900
0.065936500
0.065928100
0.065853500
0.065311400
0.065621200
0.066098300
