0.603586800
0.600133900
0.603030700
0.608166200
0.599502900
0.596453300
0.600425200
0.599521400
0.599877800
0.595192500
0.621729200
0.601904100
0.615538700
0.614393100
0.601620400
0.615265800
0.615983100
0.616066900
0.616204700
0.617938500
0.618767900
0.618024700
0.609433100
0.611247900
0.617530800
0.613334300
0.609031200
0.613815100
0.608858500
0.601995700
0.612436000
0.609553200
0.616330000
0.608642300
0.610367400
0.616893100
0.614494300
0.612662500
0.616773800
0.612593000
0.616397800
0.616421200
0.615836200
0.602461900
0.607147000
0.614934600
0.617443100
0.612476300
0.612768700
0.613716900
0.614754100
0.611456500
0.609223200
0.616974700
0.612173700
0.605619200
0.628579000
0.744152400
0.615713900
0.612480700
0.610664500
0.609450000
0.698963900
0.871093300
0.647426700
0.610973300
0.626290800
0.612953900
0.611952400
0.608513600
0.605297400
0.608030800
0.607125100
0.614341600
0.618166000
0.612662600
0.619310000
0.611430700
0.665282500
0.608275100
0.614272800
0.611519300
0.607297500
0.612812700
0.612323200
0.609006400
0.610110500
0.607862000
0.616514200
0.614359300
0.610713600
0.617625700
0.619120500
0.615676700
0.612013700
0.615128000
0.609298100
0.613812000
0.613268300
0.610394300
