0.617990100
0.624764000
0.612527200
0.609578600
0.620207600
0.599051200
0.600578600
0.630628200
0.598119000
0.608165200
0.601353600
0.617739100
0.609442500
0.605469200
0.613104200
0.614889700
0.616912400
0.620072100
0.614411400
0.604214800
0.608835100
0.604173300
0.606692200
0.605950800
0.617296100
0.605461300
0.626964000
0.657097200
0.638278200
0.612685500
0.615324700
0.607201800
0.608798400
0.619053600
0.654679000
0.611950500
0.611053100
0.605021600
0.614301900
0.617221200
0.612809100
0.612023600
0.602882000
0.601638900
0.625605500
0.597997600
0.601789500
0.603962400
0.636217500
0.623690700
0.606335700
0.612775600
0.607158300
0.604303800
0.610378200
0.591061700
0.624413500
0.608814300
0.610146600
0.620879200
0.622714300
0.600564400
0.609361800
0.621754000
0.614573200
0.599645100
0.626445100
0.598093000
0.596361100
0.613409300
0.621722500
0.639499700
0.602477700
0.611040200
0.602182400
0.604173600
0.618317000
0.614986200
0.619369700
0.598789200
0.610780100
0.650945300
0.603298200
0.630708500
0.635280900
0.607302500
0.600184500
0.644474000
0.611746100
0.650696200
0.603028400
0.632654100
0.618417800
0.615867900
0.613188600
0.604186500
0.616269500
0.616432600
0.619788400
0.607128400
