0.665710100
0.635033400
0.641771200
0.645753600
0.626015600
0.631477500
0.655510900
0.641928400
0.625158800
0.630509700
0.629305000
0.645538200
0.635989600
0.633243100
0.642729000
0.645233300
0.629705800
0.628222900
0.666562200
0.635313000
0.635339700
0.638163900
0.634444700
0.637138300
0.633981600
0.627464600
0.632227100
0.629049500
0.640287800
0.628813100
0.620055900
0.622374300
0.629797400
0.628299100
0.622567800
0.657240500
0.635388800
0.622945100
0.631332600
0.641171700
0.629863500
0.637347200
0.632483700
0.623722700
0.624605500
0.626203200
0.644867400
0.643716200
0.629193100
0.625769500
0.635905500
0.626798700
0.622911900
0.631674900
0.635579300
0.656133800
0.636164300
0.626030400
0.636522700
0.623906400
0.640501400
0.638254100
0.628730900
0.647821400
0.632202400
0.661720400
0.629095500
0.631090400
0.638668900
0.639624300
0.651230600
0.639258500
0.638421600
0.668048100
0.631408200
0.627853900
0.671549800
0.626578800
0.641448700
0.633684600
0.626162800
0.660051200
0.630953500
0.624348000
0.636718900
0.640601100
0.640516900
0.627116300
0.630258600
0.646260200
0.632486900
0.636137000
0.621173500
0.655845900
0.656814400
0.618147700
0.651046800
0.634688900
0.626951700
0.638856600
