0.085882600
0.086288000
0.085745700
0.085871400
0.086775300
0.086007500
0.086012000
0.088144100
0.087231400
0.087400700
0.087253800
0.085751300
0.085773100
0.085807800
0.085617300
0.086005000
0.085739800
0.085758500
0.087477800
0.086310800
0.086301300
0.085744900
0.086624200
0.085822400
0.085750900
0.085786200
0.086489600
0.085766900
0.085813900
0.085855600
0.088626300
0.090375400
0.085839700
0.088156500
0.086813200
0.087562200
0.085813000
0.085755800
0.088307900
0.089275700
0.086659500
0.086249900
0.089520700
0.086549100
0.085765000
0.085876500
0.085806500
0.085707900
0.085730100
0.085664300
0.087177200
0.085555000
0.085770800
0.086976400
0.085913100
0.085777300
0.086735600
0.088220800
0.086928300
0.090416400
0.085749700
0.086607000
0.086973500
0.085751900
0.085725700
0.086541800
0.085833300
0.085810600
0.085742600
0.086256800
0.085697800
0.085770900
0.085809700
0.086098000
0.085797600
0.085797100
0.085781900
0.087437100
0.087423800
0.086077700
0.087057300
0.085794500
0.085790300
0.085776100
0.085748100
0.087101600
0.086652200
0.086704400
0.088158000
0.089162700
0.085836900
0.085764900
0.085737300
0.086497700
0.085856500
0.087227000
0.088827000
0.085878600
0.086948100
0.086582500
