0.080544000
0.078711500
0.079677300
0.079714400
0.080167000
0.079739800
0.079685000
0.079709200
0.079657400
0.080442700
0.081035100
0.079605500
0.079610800
0.081960700
0.078626900
0.078794200
0.078746900
0.081318200
0.079625800
0.080796800
0.079651100
0.079654500
0.080352100
0.079558700
0.079651100
0.081229300
0.080369200
0.080265900
0.079700100
0.079656200
0.079669700
0.079670400
0.079792900
0.079618300
0.080055600
0.080348600
0.079643200
0.079661500
0.079670600
0.079645700
0.079642500
0.079731800
0.080042600
0.079547000
0.079552900
0.079674100
0.079589200
0.080149200
0.079546300
0.079576300
0.079607900
0.079689800
0.079655900
0.079694300
0.079823200
0.079656100
0.079703700
0.080473900
0.079613000
0.079592000
0.080910600
0.080339200
0.079672900
0.079672200
0.079625700
0.080520100
0.079539600
0.079549000
0.079563700
0.079606000
0.079633000
0.079564600
0.079564800
0.080579500
0.079613600
0.079687700
0.079666800
0.079673600
0.079825400
0.079800800
0.079655600
0.080119100
0.079699400
0.079693200
0.079680100
0.079631800
0.080121500
0.079613700
0.079657100
0.079617500
0.079699000
0.079670400
0.079737100
0.080037700
0.079549100
0.079591300
0.079620000
0.079561400
0.080468800
0.079538300
