0.073271400
0.070392100
0.071173500
0.069508500
0.069329400
0.068851000
0.070137600
0.069533000
0.069533800
0.068511100
0.070910000
0.069759600
0.069344800
0.069941100
0.068681600
0.068965800
0.069465100
0.068695700
0.068627600
0.068648700
0.068734000
0.068663700
0.068662300
0.068562200
0.068625600
0.068682200
0.068672800
0.072069100
0.068757100
0.068563900
0.068557400
0.071854900
0.069012000
0.068875200
0.068728200
0.068590300
0.068670900
0.068782800
0.068740600
0.068544900
0.070718600
0.071717900
0.069246900
0.068659500
0.068860500
0.068647600
0.069641300
0.068956200
0.068590400
0.069076600
0.068572500
0.068879500
0.068773500
0.068564600
0.068735500
0.068748000
0.068648600
0.069147900
0.068707900
0.069860800
0.069683900
0.068685700
0.068749100
0.068678700
0.068583700
0.068671000
0.069450300
0.072831300
0.070552300
0.071831500
0.069146400
0.068733400
0.068840500
0.068531100
0.068489200
0.070412200
0.068648900
0.068561600
0.068516200
0.068637200
0.068711000
0.068538500
0.068479800
0.068627000
0.068520700
0.068999300
0.068634700
0.068630600
0.068506800
0.068658500
0.070243700
0.068540900
0.068712900
0.068574700
0.068587200
0.068559800
0.069492500
0.068825800
0.068768800
0.070778500
