0.070678500
0.068619400
0.068955500
0.071004500
0.067630700
0.069473500
0.068722300
0.070808000
0.068784000
0.071565000
0.068856800
0.070992600
0.069098400
0.075363900
0.066581100
0.069742300
0.068648900
0.069262200
0.066965600
0.068606400
0.067716700
0.068608700
0.071753200
0.067020100
0.067119300
0.071227100
0.066724600
0.067131900
0.071795300
0.068573600
0.070107300
0.068234700
0.067217900
0.067209800
0.069096800
0.068502900
0.068507000
0.068465900
0.068350400
0.068320200
0.071926600
0.066827800
0.066322100
0.066777600
0.067090300
0.067125200
0.069209700
0.067599400
0.068954100
0.066932800
0.067043500
0.068546400
0.067328500
0.067120700
0.068496600
0.071213800
0.066024500
0.067186900
0.066684800
0.067170900
0.067146500
0.067314200
0.089033600
0.068451100
0.068967700
0.068630400
0.068610400
0.071678000
0.068317200
0.067891800
0.067988700
0.068265400
0.067851900
0.067155600
0.067143100
0.068861300
0.068600900
0.066627900
0.068480200
0.067162500
0.067071900
0.066501700
0.071802900
0.067194500
0.067118800
0.067021700
0.067123000
0.069642800
0.068680900
0.067186000
0.067236100
0.067176100
0.068639700
0.068976200
0.068693300
0.068562500
0.067261800
0.067258200
0.067032300
0.069019100
