0.103997800
0.107197700
0.110812300
0.106442500
0.107006600
0.107985200
0.110869600
0.111823000
0.109772500
0.109822400
0.109806300
0.109371400
0.109589700
0.109165200
0.099511500
0.107269400
0.106624200
0.100119600
0.099796800
0.100134600
0.102640800
0.102935400
0.103541000
0.105292900
0.104552700
0.103950900
0.106280200
0.104745100
0.108336700
0.108064100
0.109331000
0.109449400
0.109714200
0.110715400
0.108756400
0.110095500
0.111408300
0.109716500
0.095685500
0.096724200
0.096046200
0.096252300
0.097501600
0.097934300
0.098436900
0.097550900
0.107241000
0.106863600
0.106928600
0.110818900
0.109989900
0.109886200
0.109820500
0.111308800
0.104633400
0.106536100
0.107760200
0.107814700
0.106434100
0.106053800
0.106219700
0.106776500
0.106632100
0.096058700
0.096132400
0.100847600
0.103531800
0.102886200
0.103356100
0.103676200
0.103590800
0.103451600
0.103449900
0.103777300
0.103722500
0.109776600
0.109208100
0.109115400
0.108513100
0.107268500
0.109428600
0.109594500
0.111140700
0.111851600
0.110852000
0.109953000
0.110416100
0.111276200
0.111557600
0.111298700
0.109647000
0.110287400
0.105343600
0.107552800
0.103053800
0.102797900
0.102974400
0.102912800
0.104291400
0.104207600
