0.070017200
0.075043400
0.075919800
0.068810000
0.068299100
0.070750500
0.074674800
0.069721400
0.073096000
0.068556900
0.070816800
0.068939200
0.069772200
0.071587100
0.071532100
0.074571400
0.069410200
0.070508700
0.070658900
0.071303200
0.069744000
0.069916100
0.069491300
0.070497600
0.069828600
0.071061400
0.075979500
0.073917200
0.068194000
0.071575100
0.069891300
0.071062800
0.070785400
0.071322900
0.070856200
0.070752600
0.070954300
0.070289200
0.071486800
0.072966100
0.071193500
0.073357500
0.069756100
0.068527700
0.073092000
0.071914100
0.068515100
0.071041500
0.070489500
0.070125000
0.071073800
0.069264500
0.069479800
0.068385100
0.070841800
0.074237300
0.068544400
0.069488400
0.072702400
0.077701100
0.066617400
0.066312000
0.068095700
0.075119000
0.070056300
0.070126900
0.070855400
0.070050100
0.071126600
0.070352600
0.071098200
0.072026500
0.072022600
0.070830500
0.070962400
0.071282500
0.071241800
0.070712900
0.084360400
0.070031300
0.071015400
0.071730600
0.072617500
0.073747900
0.074476300
0.071312600
0.081918600
0.077588800
0.073814400
0.071789000
0.070556900
0.070595600
0.070563800
0.070465500
0.072430100
0.070990600
0.068992000
0.074177200
0.073925600
0.073387100
