0.049979900
0.043368300
0.044160700
0.044096700
0.043967700
0.043882900
0.044606000
0.045612900
0.043018600
0.043004700
0.045289900
0.043507300
0.044407200
0.043035100
0.044711000
0.043117300
0.043842800
0.042962800
0.043018600
0.043079600
0.042970600
0.042879800
0.046520000
0.046766700
0.044745500
0.043019700
0.043863700
0.043017800
0.044712200
0.046182400
0.043056400
0.043922300
0.043056000
0.043724400
0.043019700
0.043015800
0.042990100
0.043015200
0.043017000
0.044350700
0.044661200
0.043226400
0.044241000
0.044391600
0.043077400
0.044948000
0.042880700
0.043542700
0.043467300
0.044073800
0.043065400
0.043062400
0.046265400
0.043053300
0.043052600
0.043064700
0.045597800
0.043075700
0.043035100
0.046301800
0.043067800
0.043043900
0.043051000
0.043709700
0.043029600
0.043092200
0.044384300
0.044958600
0.044598600
0.043342500
0.044811300
0.043516800
0.043029900
0.043029300
0.043055300
0.043030100
0.042846300
0.043454100
0.044709800
0.046705500
0.046616800
0.043046300
0.044532700
0.043232400
0.043273000
0.043953100
0.043054900
0.043079200
0.043033900
0.042949100
0.042987000
0.043560500
0.042994100
0.043001200
0.044617300
0.044827200
0.043057400
0.043050900
0.043033000
0.043009200
