0.036246500
0.037130400
0.035403500
0.035448400
0.035283700
0.036991100
0.035447500
0.035509000
0.038319600
0.037212300
0.035370500
0.035342700
0.036544500
0.036808600
0.035404200
0.035314500
0.035460600
0.035307800
0.035303500
0.035379600
0.037855700
0.036179900
0.037192000
0.035525500
0.038757900
0.035443200
0.035373900
0.035374000
0.036453400
0.035363700
0.035390800
0.035354600
0.036254400
0.035420200
0.035412500
0.035370400
0.035329900
0.035437600
0.036967300
0.037579600
0.035647900
0.036535800
0.035345100
0.038310300
0.035417900
0.035401900
0.035386200
0.035302800
0.035369600
0.035388400
0.035395400
0.035825500
0.037426700
0.036563000
0.035489100
0.035846500
0.036919500
0.037402300
0.035373300
0.035411400
0.037356200
0.035357900
0.035346600
0.036758800
0.035394500
0.035439000
0.035445100
0.038339500
0.036232000
0.035409500
0.035414500
0.035412900
0.035877100
0.035368400
0.035387500
0.035393500
0.035435400
0.035469100
0.035417900
0.035483400
0.035398200
0.035443000
0.035394400
0.035435100
0.035382500
0.036127300
0.035375600
0.035429900
0.035379500
0.035468200
0.035808400
0.048056300
0.043449900
0.035449100
0.037161200
0.035673200
0.035512000
0.035399000
0.035426900
0.035375900
