0.122890700
0.119934100
0.126448200
0.131293000
0.122049600
0.122846900
0.123620600
0.127976800
0.124884600
0.125023900
0.126172900
0.119885200
0.122236100
0.125253300
0.127673400
0.138087000
0.122917200
0.125114900
0.125640400
0.126619800
0.125598800
0.133677300
0.120412800
0.120443000
0.120172500
0.122742200
0.122356700
0.121576600
0.124109700
0.122891200
0.121895600
0.125962300
0.127602300
0.130969100
0.127357100
0.121364600
0.127873700
0.130369200
0.128940000
0.124568400
0.125595800
0.128337500
0.128813600
0.128258700
0.125257300
0.127783900
0.125986900
0.124514000
0.122920200
0.124138300
0.123572100
0.124512800
0.124176200
0.123452200
0.122420000
0.123368000
0.124778900
0.121111600
0.122282200
0.121780000
0.123385100
0.123228800
0.124004800
0.123541100
0.123191700
0.121948000
0.122473500
0.123254100
0.123896900
0.122732500
0.123100000
0.123240100
0.125110500
0.125520700
0.125971900
0.129885600
0.124643300
0.123661700
0.124120300
0.124772100
0.121920000
0.124357800
0.124655700
0.125713800
0.127781600
0.125917900
0.127285400
0.128044500
0.125134500
0.126505700
0.125656600
0.125874500
0.125604500
0.124270900
0.123859200
0.120608800
0.124564200
0.125953600
0.125276000
0.125508500
