0.360725200
0.361130400
0.360211600
0.360500600
0.359660000
0.358559200
0.360026100
0.358860600
0.358868200
0.360688800
0.359223600
0.359353800
0.361275200
0.359506000
0.359973200
0.358655600
0.359311400
0.361386900
0.358848200
0.359338900
0.360411800
0.358607500
0.359653000
0.359481000
0.359674200
0.360193700
0.360644500
0.358849800
0.360399100
0.359265900
0.359636700
0.360591300
0.361760400
0.359051200
0.360604700
0.359025000
0.359710700
0.361342000
0.360360100
0.359281400
0.360555300
0.359423000
0.358459000
0.362177400
0.359440500
0.360933600
0.361374300
0.358388600
0.361619400
0.358673100
0.358567500
0.359720900
0.358760300
0.358646000
0.360164600
0.359879700
0.360063500
0.360045000
0.358628700
0.358974600
0.361974900
0.359237900
0.359613200
0.359556200
0.359059800
0.361599200
0.357989900
0.359056100
0.359698800
0.358807000
0.358506100
0.364202800
0.358900900
0.361287800
0.362313700
0.359211600
0.360227100
0.359110400
0.363333800
0.360423300
0.360907500
0.360634100
0.361081600
0.358502300
0.360575500
0.360063300
0.359412900
0.358677200
0.360969400
0.359413800
0.362226800
0.365918400
0.359366900
0.359255200
0.359432300
0.358733500
0.360706600
0.359761000
0.358876900
0.360065600
