0.381142500
0.379122200
0.379322400
0.380738300
0.378950300
0.379057800
0.381220200
0.379350500
0.380259400
0.378973500
0.379250800
0.380418200
0.378574500
0.380070700
0.380607700
0.378537000
0.379341600
0.379011500
0.379068700
0.380671500
0.379586100
0.378853700
0.379910100
0.379239300
0.379671600
0.378760200
0.378260200
0.379673500
0.378182800
0.378408100
0.379732500
0.379353600
0.379496600
0.378542700
0.378367200
0.379178600
0.378540600
0.378316400
0.379768700
0.378380200
0.379366700
0.378724000
0.379870900
0.379317100
0.378133800
0.380125100
0.379841800
0.379880700
0.379464900
0.378742500
0.379231900
0.379542500
0.378371500
0.378240000
0.380200800
0.381653800
0.380192300
0.378991900
0.379482600
0.380242600
0.384115700
0.379242100
0.380232200
0.378666500
0.379352100
0.383756000
0.378497700
0.381763900
0.380278300
0.383342100
0.382457500
0.378245200
0.379493200
0.379124800
0.378965600
0.379356600
0.378319300
0.378381400
0.379713500
0.379092400
0.379635000
0.379146400
0.379346600
0.379814200
0.379098100
0.379172800
0.379773900
0.379239800
0.380858800
0.378413600
0.378563500
0.379397000
0.381209100
0.379807300
0.379966000
0.380946000
0.379532000
0.378652100
0.378268800
0.379290200
