1.080869800
1.046921000
1.082211600
1.092120300
1.081063700
1.090092500
1.091982100
1.083172000
1.066273100
1.096841500
1.096722600
1.101109400
1.074349500
1.062269300
1.072283100
1.101154800
1.099811700
1.097498300
1.080834600
1.077044800
1.063741300
1.084989300
1.093847100
1.093729800
1.109818400
1.100607200
1.114357400
1.076068100
1.101860200
1.077241100
1.086933000
1.082643300
1.083208500
1.120450200
1.100303600
1.112282200
1.128756100
1.121970000
1.071043000
1.091681300
1.074275200
1.101346300
1.084945100
1.080846700
1.098907100
1.095359100
1.095766600
1.082122900
1.096327100
1.103536800
1.106576500
1.093674000
1.077640800
1.077840100
1.082323700
1.103866600
1.108749200
1.112829500
1.090617700
1.117932800
1.104029800
1.095255100
1.098237400
1.127080900
1.135738400
1.109606100
1.097898800
1.090705500
1.076594900
1.070185600
1.097387700
1.086431700
1.112275800
1.099567500
1.097693300
1.092366900
1.090005500
1.089478000
1.112427800
1.110888400
1.123721800
1.090560100
1.105573100
1.096761000
1.084008700
1.085808300
1.073812600
1.077496800
1.096100600
1.084690600
1.074205400
1.082567100
1.088403400
1.104059000
1.083814600
1.118824600
1.085910400
1.081426700
1.124853200
1.090559000
