0.363085100
0.354982900
0.358683600
0.361935300
0.360835300
0.363177200
0.360490500
0.359458700
0.361275300
0.359966400
0.359396500
0.360465900
0.358174400
0.361034700
0.361309000
0.360554400
0.360118000
0.360457200
0.359638400
0.362969400
0.360930000
0.359029700
0.360843000
0.360105600
0.359869900
0.362254500
0.361211500
0.359779500
0.359845800
0.359896100
0.360997900
0.360426200
0.359915200
0.361468200
0.362498400
0.359609700
0.360673400
0.361389800
0.359390100
0.361044300
0.360250200
0.359568100
0.360605800
0.360248600
0.358566300
0.360000700
0.358043900
0.360561300
0.359755100
0.359411900
0.361162300
0.360815000
0.359524100
0.362473500
0.358894000
0.359096000
0.359567800
0.359418300
0.359973900
0.361124400
0.359098400
0.359010300
0.361855100
0.359709600
0.360836900
0.359311200
0.359613600
0.361767300
0.358792600
0.358295300
0.361130100
0.359468000
0.360167900
0.361667200
0.364518100
0.359501100
0.360005900
0.359041800
0.361197200
0.358993500
0.358466400
0.360926400
0.366603300
0.361910000
0.361081000
0.361107400
0.359548300
0.361999700
0.359578800
0.360141500
0.360226600
0.363214200
0.359697700
0.360332900
0.360343500
0.361513200
0.359688500
0.358502800
0.359971800
0.359348000
