0.346126900
0.342258400
0.344091300
0.347588200
0.348907900
0.347558800
0.345369900
0.346872700
0.344874300
0.347028700
0.346031000
0.344550900
0.344149600
0.349815800
0.344777700
0.346592200
0.347835700
0.346949600
0.345390800
0.346849200
0.345513700
0.345993400
0.345949200
0.344069400
0.345928600
0.347407500
0.345751000
0.345718100
0.344894600
0.344992400
0.345516800
0.349050500
0.343978900
0.344245300
0.348247100
0.344615700
0.346381400
0.345734900
0.346105600
0.346149800
0.346054700
0.346768700
0.348437700
0.344308400
0.347292500
0.346350000
0.346685400
0.344840400
0.347361800
0.344851700
0.346009200
0.346558500
0.345159900
0.344896900
0.347534100
0.343896000
0.348015000
0.347619100
0.346447200
0.345702700
0.348394700
0.344055000
0.344122800
0.345769100
0.345648500
0.346167700
0.346622500
0.345129800
0.347354500
0.346256200
0.344216500
0.345543400
0.346317500
0.344780900
0.346127800
0.344673100
0.344063100
0.347171400
0.344612800
0.346171900
0.346236300
0.345076700
0.344777000
0.349014300
0.345364500
0.344501700
0.345455300
0.344816900
0.344455000
0.345615300
0.345193600
0.345546500
0.346822700
0.346913700
0.345692000
0.347029100
0.352082600
0.344639800
0.345402000
0.344130800
