0.344375400
0.338908100
0.342577400
0.343636700
0.344283400
0.343580300
0.343632700
0.342951900
0.343266200
0.342640700
0.342755100
0.346578000
0.345478600
0.342266400
0.343714800
0.342468700
0.343417200
0.341393400
0.344099700
0.343725900
0.344330300
0.343437400
0.343329800
0.344448800
0.345290100
0.342743400
0.343991700
0.342057800
0.342708600
0.342975700
0.344828900
0.342819700
0.344344500
0.343267700
0.342552800
0.348119300
0.342946800
0.344084000
0.345747900
0.342418900
0.343826200
0.345639700
0.346441700
0.342523000
0.344662200
0.343539000
0.342175900
0.344972800
0.342738800
0.343476600
0.342957700
0.343922500
0.343722000
0.343981100
0.343378300
0.342551300
0.344940600
0.343632000
0.343589400
0.342918000
0.342925500
0.345526200
0.345037600
0.342262800
0.344490600
0.345324900
0.343238200
0.343965600
0.346869400
0.342093800
0.344265200
0.344141900
0.342104400
0.343858800
0.349252600
0.341949700
0.343820800
0.344811600
0.345195500
0.348697400
0.346954800
0.344249500
0.343857700
0.344221700
0.342866400
0.343268600
0.343238400
0.342626800
0.343600800
0.356382200
0.363471400
0.348839200
0.345692700
0.342485700
0.346176900
0.345346800
0.342508700
0.348553100
0.345768800
0.345811100
