8.677069300
8.137052700
8.137025900
8.255179700
8.145298500
8.078939900
8.069476700
8.973191200
8.374937300
8.352328900
8.151753300
8.159572000
8.083001400
8.014031900
8.096055400
8.088319800
8.047325700
8.172085700
8.117739900
8.080531000
8.199336100
8.146368700
8.077738800
8.188997200
8.094695200
8.418795400
8.321223500
8.412046000
8.283457400
8.103812600
8.457406400
8.195026300
8.118516300
8.255381500
8.096566000
8.218386300
8.581744200
8.176164900
8.077239600
8.199910400
8.410049500
8.362193800
8.128568200
8.157768400
8.547151400
8.271534700
8.328965600
8.253482900
8.093980800
8.169584700
8.101014100
8.104345700
8.136223300
8.140203700
8.114187300
8.123810300
8.265090000
8.156969400
8.249755600
8.302715900
8.102934400
8.120174800
8.121419600
8.105071900
8.174177300
8.192372100
8.374177300
8.126053100
8.284526100
8.382773100
8.081599200
8.020317900
8.153655900
8.168372100
8.133242000
8.176944300
8.238793100
8.163350300
8.194746600
8.108759700
8.570700500
8.404422600
8.238861800
8.272541700
8.365451600
8.063849800
8.315384700
8.131284400
8.005029600
8.065879900
8.280089500
8.325538500
8.257887300
8.255326900
8.125359700
8.215995800
8.229544200
8.292958500
8.235265200
8.168067700
