3.479760200
3.395800900
3.492362800
3.484310300
3.488263400
3.488913200
3.497073900
3.479656700
3.480519400
3.478631400
3.479392800
3.466661200
3.472088900
3.466984400
3.469043200
3.466976100
3.466746100
3.462465700
3.476580800
3.477540700
3.474833600
3.462332700
3.468550400
3.469273900
3.476766200
3.472818900
3.472579100
3.461153900
3.480690800
3.467336900
3.463810900
3.472868900
3.468661300
3.474924200
3.454709700
3.479441700
3.476280900
3.488559200
3.468097600
3.466704000
3.478027700
3.473070500
3.470796100
3.464370900
3.461628500
3.473562200
3.477118600
3.472193900
3.464134500
3.468589900
3.477263900
3.472757400
3.482387700
3.479646200
3.474514200
3.472536400
3.472668700
3.472145600
3.480008800
3.464661500
3.465841800
3.464530300
3.465509700
3.471148400
3.465572800
3.472365400
3.470693500
3.478611000
3.477586800
3.478152700
3.482080700
3.474689000
3.473227000
3.475510500
3.479931000
3.461198000
3.472178600
3.470842300
3.476961400
3.478039900
3.467745300
3.473188800
3.468374100
3.476295500
3.482238300
3.479872200
3.463948000
3.468332800
3.483137400
3.476980500
3.463867300
3.470549700
3.474535300
3.474651600
3.486622700
3.484593800
3.463980700
3.476500800
3.471152700
3.471082000
