3.426434300
3.386576700
3.444506300
3.437742100
3.457476100
3.430159000
3.430775600
3.425284900
3.430896800
3.412508600
3.549727800
3.447626500
3.431052400
3.438720100
3.427898800
3.423054700
3.772804000
3.681336100
3.639932800
3.756090500
3.759950300
3.905514500
3.934708000
5.523139500
6.167020100
4.158445400
7.952945200
7.204863400
9.592947900
8.242680200
4.110149400
3.728665900
3.917696100
3.687450500
3.772019500
3.776056900
3.800728700
3.789451300
3.804889000
3.683637400
3.823000000
5.024395100
4.648482100
3.844652200
4.089723900
7.834265400
3.927061100
5.025061600
4.175549900
4.007677800
4.046418100
3.880956400
4.919564200
4.263338400
4.051358800
4.174627700
3.778408200
3.687841400
3.822295100
5.090654400
4.021293000
4.080586500
4.125358900
4.005810500
5.578062600
4.104059700
4.046553500
5.027952200
4.022644400
3.917928200
3.886411600
4.150872200
3.864133600
3.914161700
5.245689500
3.937305000
3.971860800
4.884116300
4.266851100
4.131796500
3.987706900
3.883595400
3.848613900
3.958140000
4.859874700
4.057488100
3.934091500
3.827401700
3.785940400
4.648594400
3.820061700
3.757764500
3.741194100
3.641449600
3.952708900
3.736978400
3.844885200
5.591430800
4.845113100
3.941061200
