2.054707714
2.074683623
2.050653401
2.049168012
2.053019504
2.052340680
2.054471817
2.050652202
2.061955480
2.055037040
2.051811393
2.051662046
2.054819663
2.053896404
2.052352203
2.053123811
2.052711514
2.051945583
2.051341024
2.049174920
2.054479491
2.061404642
2.052299681
2.048683201
2.051087828
2.051375522
2.050127545
2.054002826
2.052822750
2.052853819
2.049627362
2.057351755
2.049040601
2.052155028
2.049461182
2.054855286
2.052120148
2.052318049
2.059892979
2.051492845
2.054040824
2.051603313
2.050453454
2.055100074
2.051524019
2.058446410
2.049339814
2.050054589
2.052160798
2.050688594
2.050609369
2.049171415
2.050523943
2.050640060
2.053848970
2.050878670
2.051496608
2.056085588
2.048245540
2.051882688
2.059645634
2.051343167
2.052995058
2.051340918
2.049502908
2.058741181
2.051137676
2.054651685
2.054781958
2.052131553
2.051784801
2.054123437
2.048240495
2.049855058
2.051375294
2.058829732
2.052535364
2.059380481
2.051885584
2.051244071
2.052428445
2.053654411
2.056164662
2.052202883
2.054934217
2.066338966
2.051002844
2.053412391
2.052671343
2.057956402
2.051556780
2.053759167
2.050581616
2.053946416
2.050188404
2.051228989
2.055790543
2.052728785
2.051703253
2.055812607
