2.235259719
2.227540428
2.230891366
2.231111163
2.229176250
2.248578100
2.229074013
2.227358350
2.234399912
2.234564973
2.230702330
2.229581505
2.230899827
2.227753542
2.230815836
2.227278248
2.228313009
2.232699264
2.229917969
2.230658809
2.236294872
2.232972437
2.236553184
2.228998098
2.231287129
2.228454250
2.230254983
2.229178669
2.229487772
2.231373191
2.229678671
2.236482000
2.236873149
2.231299063
2.232181871
2.228501381
2.225460761
2.228148414
2.230362966
2.228880307
2.232352588
2.231767958
2.238731485
2.226575358
2.226682652
2.233300939
2.231835784
2.235646327
2.236928772
2.230415518
2.230448856
2.226170343
2.231279060
2.232069913
2.228510913
2.229581598
2.233634464
2.229262333
2.232098088
2.246330634
2.229956124
2.230451232
2.228680481
2.227090810
2.229511606
2.229743803
2.227838889
2.230720615
2.230542708
2.229246494
2.233344181
2.229918285
2.232128199
2.228488657
2.232027000
2.229121353
2.230860846
2.240548183
2.228301816
2.229116726
2.232947810
2.229796654
2.234936825
2.228549991
2.230615658
2.227905344
2.233643961
2.227467282
2.228398518
2.228578558
2.226472729
2.230723726
2.228853068
2.229084963
2.227383033
2.232098466
2.230260001
2.226832596
2.227640762
2.228290422
