2.088074173
2.088508063
2.088411847
2.088121064
2.093606445
2.087493493
2.096588360
2.087193878
2.090926109
2.084748629
2.086585942
2.086736392
2.085959345
2.085649971
2.094266908
2.089238458
2.087570769
2.089553751
2.089981308
2.091751653
2.089837656
2.088879375
2.087618397
2.094649597
2.087766743
2.087220066
2.093575386
2.092396930
2.090745983
2.093002734
2.093356420
2.089272939
2.092011338
2.092845793
2.097450341
2.091795422
2.090724412
2.090423720
2.089692346
2.088154454
2.088875759
2.083237285
2.089314041
2.090055399
2.095987714
2.091455590
2.085771430
2.088696335
2.088436825
2.090760031
2.086761564
2.100718751
2.090047679
2.088588479
2.090632240
2.089114944
2.085046208
2.089265952
2.085401647
2.086696459
2.089036616
2.083743752
2.087649635
2.092720347
2.087700992
2.094823145
2.089748289
2.086669502
2.088303889
2.086430977
2.090470717
2.086344915
2.096548189
2.092618034
2.088018758
2.088387979
2.091604858
2.088502487
2.092522536
2.084949216
2.087244659
2.090371211
2.087504344
2.087619293
2.106669244
2.093466022
2.097383546
2.086068561
2.088173838
2.086727933
2.086263047
2.093086537
2.094132910
2.088958871
2.087505525
2.085630354
2.088665560
2.087761233
2.088031133
2.090001643
