0.373444100
0.348732800
0.359360900
0.357167800
0.360694700
0.540089800
0.376623700
0.369304900
0.355921200
0.359538000
0.353641800
0.349427000
0.353533600
0.375688000
0.353974500
0.359281100
0.351602100
0.351374300
0.348850500
0.359504800
0.353941500
0.356139700
0.350554900
0.347056900
0.347871100
0.353794200
0.353027500
0.356085100
0.352927800
0.353223800
0.352213400
0.351724700
0.350279500
0.350563900
0.350800500
0.351281600
0.351518600
0.355488400
0.357118600
0.355683600
0.351196000
0.353364200
0.363125300
0.349847600
0.352014400
0.353116200
0.355378500
0.351018100
0.350927800
0.349113500
0.350246700
0.354236000
0.348856600
0.351601100
0.350309500
0.347522500
0.347372200
0.350181800
0.349823400
0.350580200
0.348917600
0.348330900
0.349211400
0.351735000
0.348158100
0.350289600
0.351304700
0.347051500
0.353309000
0.355550800
0.349916400
0.351472300
0.349074300
0.353854000
0.348809300
0.349533800
0.350322100
0.350072600
0.368577900
0.366544600
0.363813600
0.356285600
0.351216700
0.359860500
0.358082500
0.359597500
0.364138800
0.354063000
0.352454200
0.350074100
0.351978800
0.354671600
0.359111300
0.354603200
0.350367000
0.356323200
0.353273900
0.348478500
0.348248800
0.351208000
