0.002514800
0.002532100
0.003102800
0.002522500
0.002515200
0.002634300
0.002509000
0.002514900
0.002520000
0.002516000
0.002524100
0.002508200
0.002518700
0.002519000
0.002534700
0.002511600
0.002517400
0.002512100
0.002510000
0.002511400
0.002521900
0.002511400
0.002518900
0.002512000
0.002518300
0.002864400
0.002515400
0.002524400
0.002511900
0.002518700
0.002518500
0.002512100
0.002518300
0.002535800
0.002511800
0.002518500
0.002507500
0.002515100
0.002523100
0.002511200
0.002515900
0.002511200
0.002514800
0.002514700
0.002517900
0.002511000
0.002531300
0.002511500
0.002515000
0.002511900
0.002515700
0.002510700
0.002516500
0.002508400
0.002520500
0.002508600
0.002517400
0.002518600
0.002537400
0.002515000
0.002514300
0.002515800
0.002514300
0.002515200
0.002511500
0.002515100
0.002519000
0.002514200
0.002515200
0.002512300
0.002516900
0.002523000
0.002522100
0.002510600
0.002507300
0.002518000
0.002511600
0.002520300
0.002519100
0.002517900
0.002518400
0.002511900
0.002519200
0.002513700
0.002534600
0.002514900
0.002518900
0.002516400
0.002514200
0.002511400
0.002533100
0.002521700
0.002514000
0.002515300
0.002513900
0.002513700
0.002530800
0.002512100
0.002512700
0.002510100
