0.715158000
0.711178200
0.719099900
0.716592300
0.716061000
0.718134200
0.718990900
0.714256100
0.715883300
0.715428100
0.725646100
0.718320900
0.724085700
0.731829100
0.724322300
0.720065400
0.719754300
0.724350500
0.718627300
0.720479100
0.722704500
0.720422400
0.725659200
0.717398900
0.713114600
0.723262900
0.721269700
0.723100700
0.712963600
0.719115100
0.714385300
0.714473800
0.714280900
0.727306000
0.714041600
0.720460500
0.718686900
0.716245100
0.719565400
0.722332000
0.731162500
0.723083600
0.724247200
0.726948300
0.720149200
0.722504100
0.718901000
0.723343000
0.713832500
0.715043000
0.714422000
0.720447800
0.718432900
0.715647600
0.718446700
0.718342100
0.718035600
0.722382100
0.712933200
0.730090600
0.716003100
0.716649500
0.714266000
0.726511600
0.720936100
0.713137100
0.719978300
0.714510700
0.720271600
0.714838100
0.717443000
0.716334800
0.719490000
0.719486500
0.718166300
0.716037500
0.720706300
0.716594200
0.716755200
0.717215700
0.717564400
0.716169700
0.715145500
0.717179900
0.718185200
0.719262800
0.722885800
0.717875000
0.716118700
0.720348900
0.717728500
0.717811800
0.718094500
0.716966300
0.714170000
0.715155100
0.719921400
0.713934800
0.718220100
0.716000900
