0.704900600
0.693576700
0.701745900
0.703539800
0.709312800
0.701654500
0.701129600
0.702747300
0.701139900
0.704485200
0.702734300
0.701365800
0.701587500
0.703416900
0.704139800
0.701242000
0.704932800
0.702381400
0.700046200
0.704895300
0.700631500
0.706020600
0.701550300
0.701860900
0.703002100
0.700008600
0.701844100
0.704471300
0.701254800
0.702981700
0.701213100
0.701559800
0.701241400
0.701232600
0.705418000
0.701812200
0.704670200
0.713763600
0.708958900
0.704689500
0.703536700
0.703925800
0.704680700
0.717214200
0.712101000
0.794024800
0.747560500
0.967136200
0.751874600
0.713959100
0.727048000
0.725014500
0.717841100
0.709003900
0.702272900
0.729572800
0.708770700
0.718484300
0.720216200
0.719686700
0.736821400
0.711846700
0.711119400
0.734759000
0.706140000
0.706840300
0.703780600
0.716628700
0.701622200
0.710230700
0.703496000
0.701469900
0.702161900
0.704167100
0.699844700
0.701492000
0.712948400
0.709118000
0.703001400
0.704680800
0.710278200
0.704765100
0.702727000
0.708695800
0.705086600
0.701648000
0.705352800
0.703291600
0.724936700
0.722580800
0.713521800
0.707217600
0.732010800
0.717385400
0.730316100
0.719492600
0.711449800
0.703724500
0.705626500
0.708031100
