0.897288700
0.894225900
0.905683700
0.898195700
0.900279500
0.899557400
0.899235800
0.894919900
0.900497200
0.903986100
0.896902400
0.892874900
0.896783200
0.898737600
0.897304700
0.899946300
0.898757200
0.895997000
0.897649100
0.893706300
0.895297000
0.894056500
0.906588700
0.907054600
0.905046800
0.897269700
0.903713800
0.898336700
0.906458900
0.913192400
0.901987800
0.911213000
0.911041500
0.898700400
0.903391300
0.898643500
0.900638900
0.906001900
0.902309500
0.913163400
0.906895200
0.906162900
0.902887800
0.898301300
0.912897800
0.901125200
0.898878700
0.900396700
0.898575400
0.917602500
0.908997700
0.910313300
0.909691700
0.921041200
0.916478300
0.926044800
0.910490700
0.920964900
0.906615800
0.897778500
0.901153700
0.897249100
0.905985100
0.896608000
0.895564100
0.892232200
0.897574900
0.899026000
0.896188200
0.896902600
0.901982400
0.898095500
0.901274300
0.899399500
0.900798400
0.892197100
0.896158900
0.897091200
0.897101100
0.893665100
0.893041000
0.892699800
0.890236500
0.892354200
0.891777700
0.891842400
0.896814100
0.901895500
0.899510100
0.900621000
0.897574100
0.899955000
0.901613000
0.902253900
0.895960700
0.903018900
0.899056000
0.901583200
0.893255400
0.899294000
