0.034419400
0.033890800
0.034140800
0.034301600
0.034213800
0.034196800
0.034515000
0.034454700
0.034312300
0.034349400
0.034215700
0.034442000
0.034556100
0.034299200
0.034393700
0.035229100
0.035097100
0.034376500
0.034250700
0.034126900
0.034307800
0.034402800
0.034273300
0.034384100
0.034246700
0.034129500
0.034298000
0.034265100
0.034301700
0.034534300
0.035322000
0.034291100
0.034924500
0.034378600
0.034260300
0.034382000
0.034274200
0.034403000
0.034380800
0.034287300
0.034349100
0.034084400
0.034132000
0.034255000
0.035434400
0.034554100
0.034388100
0.034295900
0.034312800
0.034236800
0.034414000
0.034181100
0.034149000
0.034137100
0.034183700
0.034317700
0.034299800
0.034299300
0.034080900
0.034513200
0.034165000
0.034287700
0.034292000
0.034319200
0.034192600
0.034403400
0.034237600
0.034323400
0.034109800
0.034212700
0.034485500
0.034498200
0.034521200
0.035376200
0.034620800
0.034152300
0.034874500
0.034120000
0.034248100
0.034527100
0.034411000
0.034224200
0.034907600
0.034562700
0.034158900
0.034221700
0.034293500
0.034287000
0.034506500
0.034245800
0.034236200
0.034595900
0.034444500
0.034309200
0.034525800
0.034239900
0.034502400
0.034350800
0.034290400
0.034405300
