0.079428600
0.079266100
0.080621900
0.080560100
0.080496700
0.080467400
0.080759600
0.080640700
0.080803300
0.080817100
0.080612700
0.081115600
0.081005200
0.081007100
0.080732700
0.082041600
0.080627600
0.080709000
0.080445500
0.080416800
0.080224300
0.079638000
0.079627500
0.078935500
0.078303900
0.078038900
0.078400400
0.077331000
0.077575500
0.078087700
0.077841000
0.078465600
0.077967100
0.078110300
0.078077700
0.079550400
0.079040200
0.077890100
0.079612300
0.079932100
0.079797100
0.079517100
0.079613500
0.080484800
0.078609100
0.079373400
0.080842500
0.080785500
0.080795300
0.079001300
0.078094200
0.077868100
0.078998900
0.080665500
0.081808900
0.081726400
0.080901900
0.080842000
0.080860100
0.081002100
0.082109100
0.080843200
0.081131600
0.080294200
0.078107200
0.080484900
0.081286400
0.081249500
0.079326200
0.080411700
0.079301100
0.082893600
0.081455300
0.079982000
0.080304100
0.080838900
0.080813100
0.080230000
0.079052300
0.079420800
0.079577100
0.079206500
0.078421300
0.080313600
0.080483700
0.081355700
0.080695600
0.080507000
0.080880800
0.080338800
0.079328200
0.080617300
0.080896700
0.080692400
0.080972100
0.079581800
0.079632400
0.079576400
0.079650600
0.080401000
