0.034967600
0.033485400
0.034199000
0.034094500
0.034412400
0.034155000
0.034144200
0.034128500
0.034105900
0.034148300
0.034113800
0.034150300
0.034037800
0.034117400
0.034119900
0.034098300
0.034135000
0.034103900
0.034088000
0.034115600
0.034132900
0.034144700
0.034109100
0.034117000
0.034228500
0.034126100
0.034094500
0.034174100
0.034222200
0.035023700
0.034144200
0.034165500
0.034106000
0.034075000
0.034165600
0.034739300
0.034148200
0.034144500
0.034114900
0.034124800
0.034108600
0.034071100
0.034110300
0.034120400
0.034083800
0.034146100
0.034153700
0.034151000
0.034142700
0.034118900
0.034142400
0.034108800
0.034081400
0.034138400
0.034131000
0.034149500
0.034152700
0.034134700
0.034134700
0.035104000
0.034091400
0.034063100
0.034072000
0.034133800
0.034141600
0.034153300
0.034104500
0.034117000
0.034079400
0.034166000
0.034129900
0.034103900
0.034046700
0.034091300
0.034158800
0.034126200
0.034187400
0.034117900
0.034112200
0.034148400
0.034156400
0.034091700
0.034138800
0.034156000
0.034052100
0.034081900
0.034105300
0.034120900
0.035066700
0.034052400
0.034134000
0.034174700
0.034144000
0.034077100
0.034108800
0.034023500
0.034044200
0.034159100
0.034105200
0.034145900
