0.077733500
0.078127500
0.074608100
0.074514800
0.073245700
0.072573000
0.073633500
0.072383900
0.077056500
0.075113800
0.072546100
0.074882700
0.075312900
0.071009300
0.073336800
0.070517300
0.078451600
0.077068700
0.072274400
0.073046400
0.072200700
0.074543800
0.075470700
0.072062300
0.072363700
0.071477600
0.073942100
0.073487100
0.077016500
0.091651300
0.072421300
0.076035700
0.072191100
0.071149000
0.071110200
0.071057700
0.071229000
0.071412100
0.073402400
0.072863100
0.073766000
0.071766000
0.076643100
0.100109500
0.073185900
0.073057300
0.073084600
0.074888500
0.074176400
0.073372400
0.088734600
0.072154000
0.071811800
0.071223900
0.071138000
0.074812600
0.076678200
0.074336400
0.073180800
0.073704900
0.072518900
0.074315800
0.072703700
0.073725000
0.077203900
0.075233400
0.073416900
0.071836400
0.074140200
0.071874000
0.077256900
0.072572100
0.071237600
0.072117600
0.071881500
0.070532100
0.075098500
0.070670000
0.072558400
0.071424600
0.074042400
0.072387900
0.073475800
0.074677300
0.076353400
0.072235300
0.072297700
0.071795600
0.071422900
0.076570800
0.074643400
0.072890100
0.072460100
0.072444600
0.074106900
0.071817800
0.074305200
0.074399100
0.077147400
0.070389600
