0.064421300
0.064188700
0.065094800
0.065286100
0.062107800
0.063635100
0.063363700
0.061292500
0.061288400
0.061271900
0.061686300
0.062990700
0.061327200
0.066159300
0.076633400
0.064475700
0.062160100
0.062769600
0.066113800
0.064460800
0.067049600
0.065884500
0.063717400
0.061445400
0.061524600
0.061410200
0.061302100
0.061389000
0.064246400
0.094990100
0.063429600
0.063400000
0.063585100
0.066657000
0.064864800
0.062773000
0.062367700
0.061784900
0.064512600
0.081410400
0.064242700
0.063684300
0.061498400
0.062724600
0.066265500
0.063721400
0.063747800
0.063351400
0.061990700
0.061909100
0.061383000
0.062071300
0.065618100
0.062927900
0.061385100
0.061396600
0.061576600
0.061320800
0.066144900
0.064121000
0.066417000
0.062571300
0.066425000
0.063692700
0.063516900
0.063588800
0.063516700
0.063532600
0.062455200
0.065385800
0.063742000
0.062748900
0.061414000
0.061411500
0.061370100
0.066262100
0.064529100
0.066091100
0.063529200
0.061394600
0.061374500
0.062148100
0.061456700
0.061521900
0.062306000
0.065378100
0.063759000
0.063631400
0.063662100
0.064404900
0.063232500
0.065069000
0.063633900
0.067122800
0.063745100
0.062509200
0.061406600
0.061309600
0.061372000
0.061346400
