0.116307900
0.119711900
0.115623900
0.117153200
0.118131500
0.113301200
0.113171500
0.113990900
0.115199300
0.115641800
0.115584300
0.113032700
0.118152400
0.116356300
0.117013100
0.116485100
0.114448300
0.115602100
0.112238200
0.115448400
0.116406100
0.115828500
0.114675000
0.117198400
0.114692800
0.116468500
0.115513600
0.114411800
0.115783900
0.114459000
0.114333100
0.119565600
0.114309000
0.114730400
0.117245200
0.114613900
0.112808500
0.113377600
0.114877300
0.115664400
0.115633200
0.116860100
0.114472500
0.114417700
0.117380800
0.117917200
0.116901700
0.111934300
0.115020700
0.118236500
0.117844500
0.115666300
0.113267400
0.112931400
0.116649200
0.118266000
0.116786800
0.116838600
0.118195800
0.118280900
0.118896700
0.119786300
0.117517500
0.117103900
0.115819400
0.116197300
0.117027300
0.116589700
0.117324400
0.116728100
0.115858000
0.116485600
0.116772200
0.114779100
0.115495300
0.116159000
0.117987100
0.116359100
0.117501000
0.118260500
0.110479100
0.115640700
0.116178100
0.114666000
0.116631500
0.117186200
0.116832100
0.117994000
0.115743400
0.116240400
0.118573800
0.115193700
0.115638400
0.114898000
0.116074200
0.115167400
0.118065600
0.114393500
0.115786200
0.116184500
