0.020482104
0.020390120
0.020327310
0.020457388
0.020350444
0.020304096
0.020782316
0.020312582
0.020317331
0.020446727
0.020363629
0.021951224
0.020297883
0.020386166
0.020405469
0.020989394
0.020254030
0.020342318
0.020315227
0.020338551
0.022251441
0.020773359
0.021481576
0.020290641
0.020357187
0.020344373
0.020214365
0.020222550
0.020328191
0.020882656
0.020396401
0.020391973
0.020222100
0.020229524
0.020281603
0.020235916
0.020365252
0.020423624
0.020372696
0.021000045
0.020502053
0.020425537
0.020374760
0.020298265
0.020225937
0.020302192
0.020373388
0.020474390
0.020368548
0.020241036
0.020409697
0.020426408
0.020309135
0.020350743
0.020191782
0.020282755
0.020245795
0.020399757
0.020284660
0.020278246
0.020302603
0.020266995
0.020422992
0.020320687
0.020280569
0.020236939
0.020465322
0.020287023
0.020462386
0.020373969
0.022373033
0.020189218
0.020274609
0.020385641
0.020267577
0.020386723
0.020320306
0.020245905
0.020363178
0.020321068
0.020407512
0.020310600
0.020268017
0.020332700
0.020234914
0.020359521
0.020307312
0.020351586
0.020215698
0.020251456
0.020356435
0.020382505
0.020433061
0.020213453
0.020282455
0.020187044
0.020384398
0.020333592
0.020411680
0.020373438
