0.021887083
0.020511008
0.020908749
0.020457215
0.020482935
0.020498825
0.020459249
0.021435732
0.020455762
0.020432549
0.020465853
0.020439782
0.021080220
0.020478067
0.020467905
0.020550092
0.021099486
0.021036376
0.021798796
0.021502923
0.020495067
0.020451025
0.020542978
0.020446765
0.020499607
0.020425435
0.020442257
0.020426267
0.020472655
0.020424383
0.020428081
0.020479969
0.021054281
0.020471372
0.020453618
0.020445354
0.020496661
0.020402020
0.020510178
0.020417700
0.020452917
0.020480872
0.020456824
0.020863512
0.020498065
0.020477033
0.020449010
0.020485139
0.020490478
0.020494737
0.020505057
0.020885499
0.020494677
0.020471283
0.020471112
0.020471895
0.020508592
0.020497772
0.020478317
0.020457656
0.020464049
0.020461665
0.020486962
0.020449310
0.020525867
0.020471473
0.020470280
0.021442224
0.021256845
0.020455132
0.021802193
0.020736005
0.020485510
0.021142668
0.020445112
0.020417301
0.020446405
0.020474218
0.020410728
0.020484948
0.020439623
0.020443901
0.020449380
0.020468027
0.020439492
0.020409605
0.020429774
0.020466914
0.020422579
0.020442238
0.020439682
0.020569329
0.020475812
0.020433129
0.020482343
0.020438241
0.021025842
0.020463147
0.020784523
0.020485308
