0.027211648
0.027087884
0.027252467
0.027101819
0.027048127
0.027035474
0.027072835
0.027039050
0.028146195
0.027087243
0.027062514
0.027791481
0.027123492
0.027166766
0.027029352
0.027044321
0.027012911
0.027324157
0.027009134
0.027083475
0.027089325
0.027275405
0.027010918
0.027085958
0.027065441
0.027063487
0.027104225
0.027767729
0.027533060
0.027514724
0.027339580
0.027960271
0.027084898
0.027051744
0.027061143
0.028810031
0.027160942
0.027279096
0.027737217
0.028578196
0.027141929
0.027186872
0.027080640
0.027173165
0.027133100
0.028239130
0.027048078
0.027013141
0.027057305
0.027255432
0.028198782
0.027024924
0.027020456
0.027027228
0.027912410
0.027535243
0.027101129
0.027025954
0.027023472
0.027124078
0.028313677
0.027862536
0.027632197
0.028271921
0.028147227
0.027050112
0.027123291
0.027083303
0.027085298
0.027100948
0.027036464
0.027780785
0.027046626
0.027081460
0.027084667
0.027022379
0.027097612
0.027042205
0.027084618
0.027054750
0.027094083
0.027090498
0.028483631
0.027986309
0.027030495
0.027021147
0.026990278
0.027115815
0.027094948
0.027063477
0.027110821
0.027075110
0.027038831
0.027084247
0.027018901
0.027016077
0.027068687
0.027031304
0.027087523
0.027043951
