0.755836900
0.745405800
0.753354400
0.757945000
0.751310600
0.768258700
0.765408500
0.752918900
0.749932800
0.752103600
0.753118200
0.752796000
0.749310700
0.750923400
0.759406200
0.753591600
0.749905100
0.750071700
0.752030100
0.751496400
0.756359900
0.749948100
0.752081400
0.748768800
0.757484300
0.750907800
0.752681900
0.749140100
0.751494700
0.751382400
0.766407000
0.763838600
0.756579400
0.753625600
0.753046000
0.755837100
0.751305000
0.762127800
0.766575200
0.753771000
0.758933900
0.762400600
0.761843100
0.767132600
0.759247100
0.766183100
0.764071700
0.765069700
0.756385500
0.763204600
0.755638900
0.764673500
0.748201600
0.759379600
0.751091700
0.755093100
0.755213300
0.760824200
0.752904200
0.756515100
0.763670400
0.812237400
0.778974200
0.763914600
0.763190900
0.774748000
0.766516200
0.762035700
0.766918900
0.770978300
0.835630700
0.784837900
0.775677800
0.772783900
0.761071500
0.776074900
0.771207800
0.762627600
0.763063300
0.769381600
0.759778100
0.780889700
0.762008200
0.782086200
0.774002100
0.762981200
0.759088300
0.754880900
0.761093600
0.764769700
0.760227500
0.759102200
0.760546500
0.748087400
0.760025100
0.756616400
0.752089600
0.761788600
0.754271800
0.752212700
