0.703818300
0.691958000
0.712431000
0.704827500
0.702900400
0.705424300
0.705662800
0.703373500
0.703301500
0.701093600
0.700216700
0.705280500
0.704514600
0.705603300
0.703160700
0.710332300
0.703262100
0.707761700
0.709776100
0.710217000
0.702052700
0.699894500
0.702939800
0.702757000
0.702574300
0.706181400
0.702668700
0.710849800
0.702035500
0.704971500
0.702686100
0.700354100
0.703706800
0.703521600
0.703247900
0.706248200
0.702138500
0.704097100
0.702152200
0.709461900
0.703349500
0.705091700
0.701592800
0.710548300
0.699013000
0.705001400
0.703444800
0.707144600
0.700922900
0.710388200
0.702719400
0.702076300
0.707361800
0.704532300
0.703813200
0.707395400
0.699875400
0.702702400
0.716481400
0.710227600
0.705066500
0.704353400
0.720137600
0.700432500
0.712519200
0.702403100
0.702275700
0.706699400
0.711084100
0.702758500
0.707491200
0.702819000
0.703754600
0.701285800
0.703572700
0.708694900
0.701063300
0.703256000
0.701331400
0.703917200
0.702107700
0.701292100
0.701750100
0.701848700
0.703026900
0.702295400
0.701246300
0.699168500
0.708740100
0.703881400
0.702769500
0.704122000
0.719994900
0.706342700
0.718744000
0.710630300
0.722673500
0.706023700
0.713819200
0.702695000
