0.898991000
0.889797700
0.892765800
0.899905700
0.899326200
0.903919300
0.901288900
0.893298700
0.897614200
0.895673700
0.899022500
0.898479300
0.895703900
0.898628900
0.895690700
0.897149800
0.897568600
0.895293000
0.896401800
0.895892700
0.896223400
0.897209300
0.894637600
0.893909100
0.902765600
0.898805200
0.895753700
0.902080500
0.893304800
0.899431200
0.900530300
0.903413700
0.901768000
0.897902300
0.898671800
0.893626800
0.896608100
0.899381700
0.902368400
0.899676700
0.907969600
0.895050300
0.904555000
0.897481800
0.898335000
0.896634400
0.906507800
0.896399500
0.898034200
0.893554500
0.897048700
0.898109800
0.900574100
0.900574700
0.898869500
0.897300600
0.899531400
0.899360900
0.895367300
0.901518200
0.894628100
0.893652000
0.904145300
0.898918100
0.894299700
0.895439000
0.906764100
0.903121300
0.897588000
0.894171200
0.899613800
0.894930400
0.896081000
0.894748200
0.896356300
0.897093900
0.894705700
0.892761900
0.893481800
0.900969400
0.892655900
0.897144800
0.897064900
0.897556000
0.907691200
0.897871500
0.901076100
0.903279200
0.900900900
0.895924400
0.897178800
0.899400600
0.900151400
0.896147300
0.896683300
0.902688300
0.917100500
0.907351700
0.902213800
0.899648900
