0.608811000
0.581500700
0.601570000
0.633902400
0.591103400
0.597721300
0.617068800
0.617038500
0.593567400
0.598872900
0.568620100
0.596248500
0.589471500
0.610361500
0.614899200
0.612690400
0.620983500
0.616682100
0.606247100
0.606980900
0.598404500
0.611215800
0.610655500
0.592145600
0.595287000
0.610574300
0.614951100
0.614815500
0.616477300
0.620040900
0.614731100
0.617170100
0.604777800
0.584823600
0.599209000
0.608098200
0.590446600
0.586256900
0.597570200
0.615768600
0.614708300
0.610139700
0.614577900
0.613403300
0.608764400
0.614960600
0.614419500
0.610106600
0.601260900
0.604378000
0.608689000
0.613850300
0.613371500
0.614830000
0.620335100
0.609963200
0.617707600
0.620922100
0.597382700
0.608653200
0.621586600
0.623853100
0.605683800
0.615329400
0.605117200
0.585023700
0.613264300
0.609303400
0.618636500
0.602952300
0.586261000
0.610125500
0.614475400
0.614063600
0.604567300
0.613268600
0.595786700
0.616393400
0.615477900
0.601229200
0.595557300
0.608992200
0.609710900
0.608648300
0.613635000
0.615449600
0.615135500
0.608846500
0.607497500
0.619946600
0.618545000
0.597810800
0.597737200
0.579310100
0.588865100
0.596323400
0.610345600
0.610727600
0.612144700
0.603508200
