0.569746900
0.571415300
0.579111400
0.570041000
0.569642500
0.568386500
0.573491700
0.566486600
0.567161600
0.568660800
0.570806000
0.575948600
0.567768100
0.574909800
0.581838500
0.573664200
0.569364900
0.569840900
0.582916300
0.580583500
0.585321300
0.582208500
0.584489700
0.583999500
0.572274300
0.568820400
0.568587400
0.570283200
0.568658600
0.569978200
0.569373800
0.571084700
0.568870600
0.596295700
0.596806400
0.575568400
0.579751900
0.568156300
0.569626200
0.570759200
0.591574100
0.591198500
0.568198600
0.568578200
0.569063800
0.581316400
0.570379000
0.577557100
0.569478100
0.568474700
0.569363000
0.568821200
0.570026500
0.569175300
0.569864300
0.571731400
0.576266800
0.575120000
0.569199000
0.583347400
0.584717500
0.601724800
0.605911200
0.568358200
0.569183900
0.568638700
0.571362200
0.569584400
0.569160800
0.578096300
0.569671400
0.569959600
0.580609800
0.576052900
0.568229500
0.576046900
0.568438800
0.568919400
0.568757100
0.568931200
0.587285900
0.583420100
0.574226600
0.568992400
0.572464700
0.569958500
0.568018000
0.570556500
0.567670800
0.579057300
0.594455100
0.595201600
0.600880500
0.569294900
0.569018500
0.566840200
0.582648700
0.608774100
0.598057800
0.573307700
