0.706433600
0.729075400
0.687351400
0.730848400
0.725865000
0.734152700
0.688896100
0.677375500
0.675240000
0.692458700
0.708133200
0.698234600
0.675441600
0.707745000
0.726278000
0.714560400
0.714872000
0.718953000
0.706785400
0.693571100
0.733698900
0.736083000
0.700657700
0.690226100
0.697243600
0.693014600
0.701772200
0.718682100
0.737686800
0.710545800
0.699793000
0.694522600
0.687244800
0.710754000
0.712772300
0.721331200
0.720612100
0.690912100
0.692823600
0.678049600
0.691244100
0.695502100
0.691720300
0.689526900
0.687430800
0.685573100
0.684185000
0.690792200
0.692655800
0.694222100
0.694077800
0.691122500
0.708930200
0.692309000
0.690441500
0.691645200
0.701127100
0.697420900
0.692288600
0.700011200
0.693842700
0.691412800
0.691106500
0.694905800
0.689856500
0.693300800
0.691422100
0.690006600
0.689146400
0.691131700
0.695417600
0.694316200
0.694555300
0.688338600
0.690419800
0.688338300
0.685096000
0.705949300
0.705597300
0.701553100
0.702651500
0.702280500
0.701889000
0.709048600
0.706671300
0.708786300
0.690193300
0.693013600
0.705557100
0.711632300
0.694351100
0.692107500
0.706459200
0.717609000
0.704124000
0.692918700
0.690558500
0.696396200
0.704702300
0.715336200
