3.547099500
3.541109600
3.544735500
3.540384400
3.541949100
3.540681700
3.546015000
3.537763100
3.640021400
3.556620200
3.678343700
3.651606600
3.581772700
3.551461800
3.542454200
3.541536800
3.633216200
3.576398800
3.754743300
3.595753300
3.551300700
3.541090600
3.539528100
3.546301400
3.537862900
3.544110600
3.539737200
3.561792400
3.539953100
3.548476400
3.544405600
3.540483900
3.542105600
3.545067400
3.544535000
3.540783100
3.541080200
3.544832700
3.550790900
3.546596300
3.548907800
3.543232800
3.536497200
3.547368600
3.540086500
3.538081400
3.543155900
3.546024700
3.541180100
3.540102700
3.543756800
3.543132700
3.539884100
3.540035300
3.540897200
3.542754000
3.545188300
3.556764500
3.545608200
3.542613800
3.548277100
3.547891000
3.546029400
3.555251600
3.539588800
3.543186700
3.539437500
3.559424600
3.551696100
3.543900200
3.545939900
3.543803000
3.542095800
3.542473100
3.543974000
3.543994000
3.542372600
3.550503100
3.544334100
3.543207400
3.543392900
3.546688100
3.544062200
3.586025000
3.615963000
3.617404000
3.620713200
3.618238600
3.618126800
3.617743400
3.615442900
3.620892600
3.620158500
3.622203400
3.617555800
3.623367600
3.625466800
3.623534400
3.621218000
3.614439400
