3.543665500
3.543801500
3.545514100
3.542055500
3.544241900
3.546159600
3.544484100
3.548229000
3.547310300
3.545140600
3.552822200
3.554802400
3.548564600
3.550127300
3.657229300
3.564316100
3.784312900
3.569381800
3.557330700
3.632087600
3.566604200
3.557279100
3.559659300
3.551835000
3.554974000
3.549722300
3.546632300
3.546947900
3.542918200
3.546660400
3.545756500
3.554105300
3.546242200
3.544411800
3.547158200
3.545492700
3.543865600
3.542377700
3.544859100
3.560652800
3.661268700
3.690675800
3.573227900
3.568687700
3.551850100
3.548592100
3.545646100
3.546304200
3.552100500
3.548528100
3.544658100
3.545591400
3.546767600
3.544399000
3.546020900
3.543801800
3.548723900
3.548220600
3.545372300
3.548486300
3.554346900
3.542755600
3.542170800
3.541937900
3.546265400
3.547111400
3.542782400
3.545320000
3.542499700
3.552598700
3.551575900
3.548102700
3.549621700
3.549446200
3.543748100
3.544442700
3.543950000
3.559378900
3.543570000
3.543790600
3.547300400
3.541910200
3.558070000
3.548079500
3.546294100
3.544728200
3.546569600
3.539985000
3.541853000
3.543858600
3.542974000
3.546027400
3.541956100
3.543029400
3.544818600
3.546307700
3.546668400
3.548194000
3.544347200
3.556575300
