10.973407200
10.705553400
10.696388900
10.772909800
10.814294200
10.798733800
11.052055000
10.826869700
10.768661300
10.688573000
10.756640300
10.786657300
10.741927200
10.680169200
10.743661500
10.804170000
10.762555100
10.749143800
10.889727400
10.917164100
10.971449800
10.837406300
10.854829100
10.717861500
10.871328600
10.815176200
10.842155100
10.784532000
10.849021600
10.864891900
10.849435600
10.922909200
10.847746700
10.838976200
10.796544400
10.788813300
11.101831400
11.138139800
11.150228500
11.448454200
11.322397800
11.191997800
11.153700300
11.301513300
11.310415100
11.148174700
11.253792400
11.067169900
11.114565500
11.299521200
11.214198700
11.310459900
11.190719000
11.163958100
10.963957800
10.850582800
10.860860600
11.016401600
10.841519600
10.917784100
11.143910500
11.181317100
11.209658700
11.220394300
11.195895400
11.154161700
11.183442500
11.129145400
11.232497800
11.310000600
11.165986400
11.197323100
11.077891800
11.194851300
11.129327400
11.150285800
11.120123600
11.212911100
11.094290000
11.188371600
11.107405900
11.262508400
11.242453900
11.272448500
11.139512800
11.156282100
11.116946800
11.158550400
11.050493800
11.120725500
11.042894700
11.058314600
10.998696300
11.056921400
11.112725600
11.037314600
11.029227900
11.037994400
11.082618700
11.199092700
