0.167914400
0.133346500
0.129369200
0.134135500
0.134579500
0.138152000
0.135072900
0.132315500
0.132492500
0.134720400
0.131974300
0.136859000
0.135004000
0.135839700
0.129500900
0.134555100
0.134459500
0.131347600
0.134461900
0.134802400
0.133123100
0.136851200
0.133233800
0.136585500
0.137555100
0.136116800
0.136803600
0.130083200
0.134650000
0.131830800
0.132530000
0.134432200
0.130017600
0.131368500
0.131963900
0.132228000
0.133985400
0.137680200
0.134256600
0.138166800
0.135495200
0.133722000
0.137291300
0.158550900
0.139719400
0.138529000
0.135460000
0.140929800
0.135902700
0.136603100
0.139241900
0.131779100
0.133185700
0.138465200
0.142572000
0.139429400
0.133950900
0.145494600
0.141921400
0.135556700
0.137041600
0.151660500
0.145394800
0.141892800
0.149005700
0.137374200
0.136345900
0.138786500
0.135036100
0.134310600
0.134369400
0.153373300
0.135957200
0.139432800
0.135703000
0.137215600
0.137805800
0.136452800
0.138595600
0.134973900
0.138544400
0.136366100
0.145361800
0.135994200
0.133743600
0.135900800
0.138094000
0.135588300
0.135915600
0.136589300
0.140279000
0.138733600
0.135696900
0.139095900
0.135122800
0.137694000
0.136683600
0.135438600
0.135811200
0.138923100
