0.133875400
0.130077500
0.128425900
0.130152200
0.129270300
0.128756300
0.129235500
0.130158100
0.132336500
0.131164400
0.132507300
0.131047500
0.131295000
0.131197200
0.130498300
0.131411200
0.131319600
0.130979200
0.129350400
0.131289800
0.130353200
0.130575300
0.130581700
0.132473000
0.131214700
0.133198800
0.128990100
0.128758700
0.128663200
0.128626700
0.128715200
0.133205200
0.130323500
0.131696400
0.131160400
0.129031000
0.129012000
0.128804400
0.132516900
0.131697300
0.128770900
0.131211700
0.131190400
0.130737000
0.130031700
0.130014000
0.130752500
0.130973300
0.132022700
0.130702000
0.128513800
0.129289600
0.130954700
0.131374700
0.131930500
0.131690700
0.131417800
0.131155600
0.129981200
0.131292000
0.133943700
0.132920500
0.135227400
0.132074900
0.130086500
0.131001600
0.131126700
0.134968900
0.133722800
0.134162400
0.133848600
0.134821600
0.134683100
0.134289500
0.134292900
0.133607700
0.132625100
0.133782500
0.136302600
0.133810300
0.132345500
0.132040200
0.132503200
0.132083700
0.134492100
0.132383300
0.134650100
0.134346800
0.133859300
0.133856300
0.133046400
0.132410100
0.134287600
0.134495000
0.134030700
0.130011300
0.129533800
0.130597100
0.134317200
0.132598300
