0.152208400
0.151310400
0.147270700
0.152418800
0.147088500
0.145909900
0.147152500
0.146177000
0.142469100
0.142457600
0.145023200
0.142444100
0.145096200
0.142368900
0.145908000
0.148172400
0.155984600
0.151694800
0.147018700
0.145568300
0.146481000
0.153560200
0.148936800
0.144573800
0.152215100
0.152080400
0.150340400
0.152782900
0.149804000
0.148861000
0.145289900
0.147667900
0.148015600
0.148289000
0.148788200
0.145865400
0.144876500
0.147215900
0.149741400
0.147538900
0.147807400
0.146819800
0.148404900
0.150699500
0.148344100
0.145849000
0.146829700
0.147688100
0.151431700
0.147232000
0.147745000
0.149698000
0.142991500
0.145339900
0.144105100
0.149057900
0.147926300
0.146785500
0.147764800
0.146987800
0.145236400
0.151148800
0.156918600
0.144746000
0.151104600
0.143697300
0.147849900
0.155990800
0.155713900
0.154137000
0.157637200
0.143771500
0.147465900
0.148450100
0.151211900
0.155405300
0.148726300
0.154275500
0.146199500
0.146854700
0.150257300
0.145623100
0.232913200
0.150906400
0.156564500
0.151183200
0.154521900
0.150841700
0.146655900
0.149713100
0.149422000
0.149296300
0.150228400
0.148094600
0.147371400
0.144781800
0.144681100
0.147122300
0.144002500
0.143537300
