1.320881900
1.316302100
1.290877900
1.321429900
1.310386100
1.331157300
1.339186400
1.341930300
1.336482600
1.330624900
1.328086100
1.330083300
1.331620200
1.325408200
1.341100000
1.341959700
1.331684200
1.328096800
1.334791400
1.333477800
1.335871700
1.338496000
1.333108400
1.335932000
1.332589300
1.333324000
1.333927200
1.333702400
1.336244600
1.332323200
1.327895900
1.329806200
1.338679100
1.334239600
1.331401700
1.326813300
1.343647000
1.335749200
1.337827600
1.341797500
1.340424000
1.339335400
1.332796900
1.334756000
1.339704500
1.338450200
1.350606900
1.355291700
1.342282400
1.340722000
1.337466200
1.339645300
1.346802400
1.342266100
1.343449400
1.346634000
1.342424700
1.337996300
1.341263700
1.336844200
1.340343100
1.342279900
1.339518100
1.340903600
1.337659500
1.331742300
1.347173700
1.337658100
1.331754400
1.329678500
1.342496800
1.338806400
1.330023800
1.322333700
1.339613700
1.324495100
1.334829700
1.337704800
1.334421700
1.328159000
1.329643000
1.336111200
1.340382700
1.327746100
1.331527500
1.323966300
1.335005900
1.339957900
1.338676500
1.339977800
1.336925500
1.328296400
1.330877200
1.323573800
1.333699400
1.322247900
1.335817600
1.340863900
1.341570000
1.326743000
