1.340627300
1.327813200
1.330584900
1.375757000
1.362677900
1.356633100
1.383364300
1.378142100
1.366617200
1.369664300
1.371187000
1.359694600
1.376564200
1.373667500
1.373470300
1.378912500
1.396041600
1.368216700
1.351293800
1.374184000
1.383576300
1.357634400
1.364520800
1.357933900
1.377690300
1.358995600
1.357931000
1.368352100
1.368989600
1.377906400
1.384775000
1.384740300
1.369134300
1.379092200
1.358386900
1.391771800
1.361639600
1.366506900
1.386284200
1.383534600
1.373024400
1.381897000
1.373159500
1.355142700
1.362064600
1.354710800
1.390808400
1.359110700
1.355659500
1.368284300
1.381458600
1.380453300
1.382511200
1.350987600
1.399376700
1.370724400
1.353805300
1.369396000
1.361926600
1.366522200
1.369791700
1.359066900
1.371097600
1.377355700
1.359886300
1.363607100
1.356524000
1.355335400
1.366873100
1.372627100
1.365474300
1.362457700
1.393334400
1.389547300
1.381875200
1.370025900
1.368722700
1.362236900
1.363037600
1.359176800
1.358293000
1.371171700
1.350637400
1.368496800
1.372061100
1.362121600
1.370163300
1.374142000
1.397899500
1.376626600
1.401354900
1.390585800
1.364326300
1.348749100
1.376181500
1.394225700
1.394676500
1.403432200
1.382864200
1.405650600
