1.474828400
1.497706200
1.456726900
1.491956200
1.518678700
1.505372900
1.498189700
1.512575700
1.483310000
1.517713300
1.509231200
1.528894300
1.487570600
1.497751800
1.487774400
1.495612400
1.476208800
1.484643100
1.504406200
1.473863300
1.478662900
1.480381300
1.502844600
1.482866200
1.498870900
1.511469100
1.486153600
1.497507300
1.499074200
1.510027300
1.486623300
1.494667100
1.488780000
1.492969600
1.493059200
1.477208500
1.476154200
1.485190300
1.505631200
1.485761900
1.488249900
1.480950800
1.476728700
1.485487500
1.481203500
1.498397800
1.483346300
1.468635800
1.476059900
1.484421600
1.489265800
1.491337000
1.492842600
1.515472700
1.496525300
1.497818200
1.488459400
1.485198000
1.479956700
1.501711900
1.492518900
1.496618600
1.480696000
1.480819000
1.476179600
1.492526200
1.508194000
1.526596400
1.567396400
2.694951100
2.977656000
2.026505700
1.527431600
1.492614700
4.292461300
1.489892800
1.490846900
1.500551400
1.532619500
1.542579800
1.489454200
1.490548100
1.486610900
1.552250600
1.501214100
1.497017100
1.484072800
1.484412800
1.480165800
1.484154300
1.494958900
1.470266400
1.485903700
1.487482600
1.497795100
1.486365000
1.481910500
1.473521700
1.498413700
1.484905300
