0.206949789
0.205665493
0.205345413
0.205422169
0.205040074
0.204888095
0.206477250
0.204718947
0.213556356
0.204641490
0.204546890
0.205595251
0.204761929
0.205873287
0.205474523
0.205703494
0.205253338
0.205284101
0.204723105
0.205249371
0.205438925
0.206309796
0.204616518
0.204550778
0.204535429
0.205782895
0.205267219
0.204807175
0.204972138
0.205186997
0.206223653
0.204518235
0.204503858
0.204577217
0.204550316
0.206086041
0.204877068
0.205047242
0.205368992
0.204803788
0.205956089
0.205220029
0.204785123
0.204795813
0.206539618
0.206160839
0.204766554
0.204635165
0.204772776
0.204715847
0.205891082
0.204694226
0.204786562
0.204716268
0.204780510
0.206481394
0.205271885
0.205140234
0.204813172
0.205249022
0.206678628
0.204826438
0.205216739
0.204924424
0.204833601
0.207610840
0.205632450
0.204822150
0.205556752
0.204493194
0.207427782
0.204682474
0.204603684
0.204602693
0.204645543
0.205501852
0.204466313
0.204536968
0.204462286
0.204629313
0.205399898
0.204598484
0.204496030
0.204523221
0.204567048
0.206285373
0.207010478
0.204783534
0.205326196
0.205969187
0.204821927
0.205353969
0.205088513
0.204549620
0.206926934
0.204524392
0.204596308
0.204537066
0.204570400
0.205968000
