0.209093464
0.208069779
0.208057696
0.208270199
0.212762669
0.209942578
0.207989587
0.208628660
0.208151354
0.209641913
0.208899796
0.208529423
0.208203522
0.210217782
0.210402197
0.208552546
0.208799190
0.208011598
0.208197612
0.209646562
0.208171902
0.208568858
0.208804746
0.208368376
0.209717331
0.219017237
0.208125735
0.207714724
0.208287823
0.209421829
0.208726727
0.208824463
0.208904616
0.208027708
0.210462998
0.208393975
0.209258728
0.208742298
0.209464124
0.208000677
0.208212108
0.208467354
0.208278766
0.209139075
0.209771925
0.208117650
0.208724813
0.208425425
0.209241330
0.208506077
0.208379691
0.208178523
0.208623258
0.209388362
0.208143446
0.209529140
0.208637065
0.210201650
0.209864638
0.208364807
0.207504372
0.208114011
0.208792461
0.209222277
0.208128538
0.207930091
0.208825032
0.211301444
0.209066486
0.208355840
0.208253235
0.208870108
0.210346133
0.208722126
0.208465900
0.208777712
0.208674836
0.209448869
0.210291590
0.208580868
0.208602479
0.208482411
0.208968044
0.208419091
0.208958577
0.207951391
0.208689384
0.209714050
0.208619943
0.208063054
0.208075890
0.207958866
0.210453979
0.208731675
0.207913089
0.209278885
0.208349490
0.210332468
0.209269181
0.208942106
