0.222711077
0.222471493
0.222440774
0.224287670
0.222526618
0.222720385
0.223077725
0.222752126
0.224245307
0.222635374
0.222630785
0.222537897
0.222642207
0.224076082
0.222558076
0.222836236
0.222514584
0.224216729
0.222570611
0.222470601
0.223899312
0.223288796
0.223825161
0.222764350
0.222709515
0.222779619
0.223968494
0.222654270
0.222591431
0.222753378
0.222534763
0.224047989
0.224740786
0.222843129
0.222913433
0.225197715
0.223501956
0.222467044
0.223281142
0.222546976
0.225830652
0.222750363
0.222746356
0.223099747
0.222776753
0.223870402
0.223136917
0.223197238
0.222548889
0.223829534
0.222515366
0.222880170
0.223578511
0.222714504
0.224855985
0.223016438
0.223049100
0.223193645
0.225565389
0.222462857
0.222508945
0.222439231
0.222523230
0.224011975
0.222879227
0.223269670
0.222694226
0.224409951
0.223309515
0.223152317
0.222683175
0.222723512
0.224014125
0.223425676
0.222860181
0.222822680
0.225069992
0.223288115
0.224428678
0.222700648
0.222477413
0.223787434
0.222479488
0.222467244
0.222558779
0.223448986
0.222636936
0.222801940
0.223027951
0.223356925
0.224088516
0.222928029
0.223147366
0.222832839
0.224036816
0.223646596
0.222959930
0.224295313
0.222563386
0.223713382
