0.074512600
0.075113800
0.076767200
0.076633300
0.075755800
0.075392600
0.076388600
0.075109000
0.075936000
0.075249900
0.073568100
0.074789600
0.075143500
0.077549700
0.075338700
0.075158100
0.076111700
0.076509600
0.075907300
0.077613700
0.075690500
0.075507800
0.076724900
0.073951700
0.076045100
0.074541600
0.074376900
0.075756100
0.079303500
0.074076700
0.073976100
0.075358400
0.075722700
0.074916100
0.074312400
0.073383500
0.075024100
0.074463200
0.074964800
0.075923900
0.075313600
0.074479800
0.075640800
0.075151900
0.075187500
0.075060700
0.074980000
0.073617300
0.073457400
0.075260900
0.076775400
0.075749300
0.075711200
0.078433400
0.075183800
0.075196400
0.075324700
0.076218100
0.076862900
0.075563700
0.075550800
0.075136300
0.076030500
0.076618000
0.074052800
0.074421400
0.074398900
0.075293100
0.074598900
0.073420800
0.076966600
0.073922400
0.075639700
0.073497500
0.073472800
0.075207100
0.075168000
0.075187800
0.076453700
0.074612100
0.076146500
0.076448200
0.076037200
0.075763300
0.074818600
0.073983800
0.075605700
0.078432800
0.076064200
0.074578300
0.074779000
0.074986900
0.074948900
0.075405700
0.075423900
0.074607600
0.074953200
0.076133000
0.075556900
0.075095800
