0.000259700
0.000250500
0.000254200
0.000250600
0.000250500
0.000250500
0.000253900
0.000250700
0.000253800
0.000250500
0.000250800
0.000250700
0.000250500
0.000250500
0.000250500
0.000250600
0.000253600
0.000250600
0.000250800
0.000250500
0.000250500
0.000250700
0.000254300
0.000250600
0.000253500
0.000250500
0.000254300
0.000250500
0.000250600
0.000251400
0.000253100
0.000250600
0.000253600
0.000253500
0.000251000
0.000250600
0.000250600
0.000254200
0.000250600
0.000250600
0.000253300
0.000254200
0.000250700
0.000250600
0.000250500
0.000250500
0.000250600
0.000250600
0.000253900
0.000254200
0.000305700
0.000250500
0.000250600
0.000254200
0.000254700
0.000250500
0.000250500
0.000254200
0.000250700
0.000250500
0.000250500
0.000250800
0.000253600
0.000250500
0.000250500
0.000250900
0.000250600
0.000250600
0.000250500
0.000254200
0.000254000
0.000250500
0.000250500
0.000254200
0.000250600
0.000250600
0.000250500
0.000254300
0.000253600
0.000250600
0.000250600
0.000254200
0.000250500
0.000250700
0.000250600
0.000250500
0.000253200
0.000250700
0.000250600
0.000250800
0.000250500
0.000250600
0.000250500
0.000253900
0.000253500
0.000250700
0.000250500
0.000254200
0.000250500
0.000250700
