3.577468200
3.581994700
3.581389500
3.577476300
3.578706800
3.585429800
3.589621100
3.582470900
3.582154400
3.578291500
3.575069700
3.580825400
3.578263400
3.578133600
3.574963700
3.577640900
3.575633900
3.577572400
3.574847000
3.580185100
3.575386900
3.574512600
3.576705900
3.580882300
3.575972000
3.580230600
3.580069300
3.578495400
3.578903900
3.578950900
3.576250400
3.584984000
3.580645700
3.575955000
3.579827100
3.577486000
3.579536200
3.578102900
3.583976400
3.588466900
3.583761900
3.595967600
3.580259800
3.580572900
3.591209800
3.667934300
3.598075900
3.705831100
3.766549700
3.615808400
3.581532700
3.584788800
3.580909100
3.581037900
3.582941600
3.586979300
3.579316000
3.579833000
3.586314700
3.583507400
3.579543500
3.603839200
3.676851200
3.782194700
3.764733200
3.653684600
3.584548100
3.580967900
3.590632600
3.578301900
3.583913000
3.586402800
3.586183800
3.582769600
3.586325200
3.585069100
3.580175600
3.582619800
3.575037000
3.581215200
3.581463400
3.585287600
3.587351100
3.586207500
3.582378400
3.582062100
3.583748700
3.577805000
3.576287900
3.579187300
3.576424600
3.585048000
3.581120400
3.579985000
3.586540400
3.581949300
3.580912000
3.581866600
3.580309600
3.585052500
