11.330647500
11.291485700
11.259828500
11.249341400
11.184035400
11.251624400
11.362371400
11.232954800
11.347763500
11.196256700
11.323928500
11.397294500
11.239958000
11.185228200
11.387918600
11.287183700
11.384143200
11.359511700
11.260934700
11.124213700
11.217157000
11.282300000
11.230961200
11.233096100
11.244006800
11.459982400
11.600607800
11.495178300
11.420520500
11.437255000
11.499643700
11.432422800
11.377675100
11.421072600
11.432662500
11.416996600
11.462444900
11.457997100
11.522091900
11.716905800
11.546677800
11.605323700
11.721232300
11.555590700
11.913226700
11.884066200
11.835113900
11.454938100
11.529306300
11.629399000
11.733835700
11.639954100
11.340778300
11.379582700
11.364410200
11.584759800
11.246379200
11.252835600
11.653911500
11.632076300
11.456459800
11.562100900
11.678333300
11.580791100
11.703185300
11.758192200
11.627503500
11.650114400
11.624300700
11.619174200
11.536785700
11.796141000
11.590943500
11.498948600
11.387563500
11.322847200
11.586835300
11.696703300
11.628468700
11.677898400
11.632044800
11.606052300
11.860298800
11.676188400
11.682198900
11.617775200
11.626825400
11.482075100
11.482807000
11.731650900
11.646324400
11.715813700
11.763820800
11.760857500
11.718071400
11.670845400
11.687207000
11.722139400
11.646946900
11.496254100
