3.562392900
3.574331800
3.561553600
3.563621600
3.564734300
3.564590400
3.563587800
3.559324900
3.567991600
3.569552200
3.559839800
3.565822800
3.644373500
3.569139300
3.573925400
3.558627700
3.561238200
3.558871600
3.563660900
3.575352900
3.582151100
3.711656900
3.689838400
3.627111400
3.619107700
3.597819700
3.576828400
3.670597300
3.590187900
3.570495200
3.631719800
3.600918900
3.617874700
3.563265500
3.565704000
3.560805600
3.652253000
3.657288200
3.563407700
3.578180900
3.561996400
3.842025500
3.749003600
3.632581000
3.635206000
3.566394400
3.606475000
3.563025500
3.568067800
3.606602200
3.650393200
3.615393400
3.629151800
3.574015900
3.654712300
3.579684700
3.576064600
3.568718500
3.564496100
3.614255600
3.584512700
3.632057200
3.615546700
3.566290200
3.590273700
3.562679900
3.567317400
3.572223500
3.585125700
3.582414100
3.576460000
3.570044500
3.632057800
3.576625400
3.575939900
3.567494300
3.580438800
3.618446300
3.610594700
3.661508000
3.608892400
3.625676300
3.658135400
3.737443900
3.858270400
3.822788600
3.728902600
3.696860600
3.698450800
3.748483500
3.764733200
3.756912100
3.705983100
3.704249200
3.731573100
3.715078700
3.699101600
3.700886900
3.697787100
3.696495000
