7.352555400
7.262102500
7.349448000
7.332808900
7.338609900
7.346869300
7.332111900
7.346984200
7.359559600
7.363314800
7.337035600
7.345481400
7.357915500
7.332776100
7.340265700
7.342828600
7.354584900
7.351309800
7.335896100
7.359419300
7.345680900
7.469316700
7.325573500
7.327869200
7.351888900
7.360882300
7.345983800
7.337605500
7.340442000
7.359117900
7.324988500
7.343519600
7.351896300
7.353779800
7.338370400
7.345353500
7.343954500
7.345770800
7.349600400
7.352945500
7.342273600
7.368913300
7.351433300
7.347492500
7.347910200
7.351367100
7.344658200
7.337991100
7.313505000
7.351510300
7.350276900
7.346535000
7.315932300
7.353820100
7.339396800
7.342494100
7.326907500
7.343043000
7.325602500
7.337847900
7.335052100
7.342684400
7.339966600
7.356810300
7.362957800
7.353949600
7.372657400
7.347647900
7.471218700
7.350926800
7.338090000
7.341173500
7.333593300
7.360581200
7.375129300
7.677519300
7.337136500
7.335018000
7.352842300
7.331917200
7.330448800
7.338596500
7.322441500
7.348483900
7.319880600
7.337334100
7.336564100
7.334738100
7.346477000
7.346373200
7.342546400
7.357742600
7.351325100
7.353338500
7.348423800
7.356402000
7.365374300
7.343654200
7.339675700
7.349018100
