0.025669200
0.025180800
0.025173300
0.025157000
0.025157000
0.025161500
0.025153700
0.025782400
0.025254500
0.025237100
0.025903000
0.025155300
0.025139400
0.025157400
0.025145600
0.025156800
0.025156200
0.025164400
0.026658100
0.025878900
0.025148500
0.025140100
0.025149100
0.025142800
0.025773700
0.025149800
0.025157500
0.025173000
0.025149800
0.025131100
0.025145000
0.025155300
0.025147000
0.025139800
0.025170700
0.025151500
0.025135900
0.025171400
0.025717000
0.025184200
0.025150600
0.025324700
0.025179800
0.025153300
0.025165600
0.025149100
0.025161900
0.025203800
0.025179600
0.025158300
0.025243500
0.025147400
0.025195800
0.025168800
0.025165400
0.025183100
0.025271300
0.025166300
0.025177500
0.027165800
0.025212800
0.025179500
0.025177900
0.025207900
0.026063400
0.025155900
0.025196100
0.025166700
0.025168600
0.025159800
0.025172700
0.025172400
0.025220800
0.025182400
0.025136500
0.025157400
0.025191400
0.025167600
0.025174200
0.025157900
0.025137800
0.025180700
0.025179700
0.025159700
0.025168000
0.025633300
0.025164500
0.025166700
0.025171600
0.025184700
0.025150300
0.025155300
0.025176400
0.025165200
0.025178900
0.025159400
0.025271800
0.025173700
0.025151300
0.026276200
