0.089226200
0.087371400
0.089284900
0.088040100
0.089114900
0.089627700
0.089024500
0.088976900
0.088421600
0.088047100
0.089161000
0.089699900
0.089686600
0.088745100
0.088508900
0.089042700
0.089888100
0.090546500
0.089724200
0.089953200
0.090650800
0.088196500
0.089170000
0.087611600
0.088375900
0.088392400
0.088278400
0.088331000
0.088670500
0.089412800
0.089183400
0.089026900
0.089938000
0.088213800
0.091641100
0.088175100
0.089024700
0.088344100
0.087652400
0.087661900
0.087637200
0.087753400
0.087730600
0.089992300
0.088709500
0.089586500
0.089063700
0.087717100
0.087731600
0.088425600
0.088348200
0.089168000
0.089218000
0.089698500
0.089435700
0.088681100
0.088025200
0.090037400
0.088239500
0.088172300
0.088269700
0.089558300
0.088265100
0.088669400
0.089286500
0.088864500
0.089053400
0.089655300
0.090199100
0.089147200
0.089159100
0.089215700
0.089181300
0.089184900
0.089346300
0.089018200
0.088986300
0.089164200
0.088203800
0.089139800
0.091473500
0.088638500
0.089010900
0.089098000
0.089164000
0.089074600
0.089381900
0.089307100
0.089212900
0.089581200
0.089385100
0.089144200
0.090603400
0.087919900
0.088251300
0.088160800
0.089659700
0.089348100
0.089016900
0.088970100
