0.072344300
0.069695600
0.079221300
0.083650500
0.076980100
0.078887700
0.073171100
0.082836300
0.070822400
0.070758900
0.076423400
0.076478000
0.074526900
0.074838500
0.073472000
0.080235600
0.073087200
0.077663600
0.075988000
0.070077900
0.072735500
0.074702700
0.073518600
0.078505900
0.072278000
0.072017900
0.073569000
0.073208100
0.074444600
0.075233700
0.071320400
0.073300100
0.073348400
0.069103700
0.069527800
0.070445700
0.070414400
0.077311700
0.073069400
0.070335600
0.070276200
0.070392500
0.071854300
0.080427000
0.073206700
0.073965900
0.074582300
0.075986400
0.078667000
0.074486800
0.069697700
0.074126000
0.070126600
0.068631900
0.069228800
0.069173600
0.068437100
0.069962000
0.070407800
0.072945100
0.069922500
0.071312500
0.075006700
0.068905700
0.068678100
0.072758900
0.070078200
0.069008800
0.068859000
0.070139600
0.068430500
0.070414700
0.069709400
0.070685800
0.069638700
0.069013600
0.068464700
0.070936100
0.068343500
0.070686100
0.072354400
0.068722100
0.070127700
0.069288800
0.068595900
0.073723000
0.069379400
0.068405000
0.068377700
0.070778400
0.070472600
0.071504200
0.074982200
0.069510000
0.069623500
0.069692000
0.069842600
0.071376600
0.069867600
0.072197000
