0.068517800
0.068223200
0.068443300
0.068587500
0.068546900
0.068655000
0.069012700
0.068901000
0.068412900
0.068689400
0.069431200
0.068762200
0.069677800
0.072069600
0.068350800
0.071628700
0.070623500
0.068712900
0.069481800
0.071369600
0.068502000
0.070419500
0.069025700
0.069234400
0.070126500
0.071393900
0.069397900
0.072714600
0.069773500
0.069034600
0.069903200
0.069802600
0.070642100
0.068609300
0.068344400
0.068267600
0.068262900
0.068330700
0.068325000
0.068348100
0.077129600
0.068537200
0.068490000
0.068648900
0.068338100
0.068499300
0.068431000
0.072472400
0.068538100
0.069139200
0.068399100
0.068329000
0.068322200
0.068558200
0.068462200
0.069290200
0.069104000
0.068330200
0.069278900
0.068658900
0.068500500
0.070684300
0.068540000
0.068510700
0.068501000
0.068477500
0.068472000
0.068984900
0.068398500
0.068483600
0.069254400
0.069242900
0.068287600
0.068371300
0.069975000
0.069440900
0.068468500
0.072685800
0.068360900
0.068629400
0.068355800
0.068346600
0.068405000
0.068484900
0.069718800
0.069493200
0.074104600
0.068532100
0.068439300
0.068616200
0.068438400
0.068669500
0.068399300
0.068981200
0.068466200
0.069219200
0.068505200
0.068480600
0.068535200
0.069285700
