0.735167745
0.723067041
0.723057995
0.722749028
0.723359097
0.721781593
0.721260683
0.728449273
0.725166147
0.727258824
0.732696747
0.726922920
0.728964752
0.736056518
0.727273382
0.722092233
0.723734454
0.724567794
0.722738372
0.728425633
0.729912473
0.720916243
0.721560072
0.726565112
0.731824684
0.724209477
0.718908173
0.727326165
0.732252483
0.727987276
0.727960616
0.728001077
0.719777306
0.719967131
0.724777391
0.727669261
0.728877203
0.724659540
0.727891744
0.723565516
0.718261593
0.729608112
0.725464906
0.721867809
0.724493078
0.729992335
0.728637386
0.722820331
0.729456798
0.726033741
0.726090899
0.723270778
0.722157758
0.720511538
0.721677054
0.728557924
0.723749859
0.727196861
0.727367045
0.717963169
0.725563075
0.731011472
0.721794753
0.724807884
0.737366177
0.724572603
0.729495555
0.733259420
0.715808550
0.722329365
0.731037181
0.726408534
0.729334715
0.725444135
0.724121132
0.727210958
0.721931699
0.723618154
0.717023234
0.726457733
0.726449997
0.728091782
0.722813901
0.746369236
0.726305272
0.722953882
0.728488817
0.722543276
0.722701728
0.727012582
0.720763151
0.727872124
0.721558908
0.726238805
0.730903401
0.720637586
0.721660592
0.731123259
0.732761447
0.725322252
