0.739742334
0.726846766
0.720477715
0.718225688
0.727905118
0.728670592
0.722459620
0.727396675
0.725656593
0.726540107
0.719575690
0.725011376
0.728033893
0.726410466
0.726851254
0.723300390
0.731305365
0.719892708
0.729921079
0.720592854
0.724111341
0.716035243
0.726687713
0.728256365
0.722222706
0.725420064
0.723176145
0.730764884
0.727151600
0.727654883
0.720165421
0.728176685
0.723730417
0.725196438
0.728357387
0.719957560
0.718814699
0.727801511
0.724801008
0.733426461
0.721063572
0.737474212
0.721828572
0.723075557
0.720093864
0.734315047
0.725008402
0.717184339
0.716467176
0.735755950
0.718246940
0.726624583
0.723650996
0.726698544
0.724431319
0.728660052
0.733451620
0.728535762
0.723971506
0.723658916
0.729710318
0.724533388
0.724692520
0.723091147
0.727047666
0.722005513
0.725291814
0.721375412
0.725357824
0.722458684
0.729002293
0.724025111
0.727503734
0.722676637
0.724233798
0.727576291
0.728129876
0.725097178
0.725414362
0.729222720
0.719416391
0.729992380
0.723820347
0.727684602
0.736185335
0.724183226
0.727864490
0.723672891
0.725029030
0.725845982
0.730009110
0.724182995
0.731694669
0.717976869
0.721280132
0.726929408
0.731084967
0.730186153
0.721944958
0.721600579
