0.740172867
0.738961681
0.732043055
0.730297876
0.730498428
0.737394807
0.736199305
0.739497870
0.737132118
0.740863426
0.735883765
0.730508483
0.736854700
0.732806418
0.736649270
0.745775477
0.732441856
0.736024648
0.730343043
0.735042295
0.731811755
0.737413516
0.734701548
0.734997711
0.731889323
0.735121687
0.739909889
0.730828948
0.731046556
0.733434289
0.741821077
0.739649479
0.734381675
0.733184595
0.737192342
0.741687997
0.727222079
0.730181855
0.732767330
0.738229444
0.741557818
0.734448953
0.739520271
0.739498079
0.730513692
0.737510702
0.733183711
0.728942284
0.729982918
0.735667563
0.734339658
0.726232077
0.742570013
0.735602890
0.732651980
0.734670669
0.731506088
0.728962700
0.742212897
0.729999445
0.730804509
0.736176427
0.733152203
0.731110236
0.727758991
0.736943074
0.733647940
0.731557133
0.737843984
0.734962367
0.735032575
0.731211647
0.731144119
0.738330278
0.738133584
0.734709015
0.737181169
0.737668460
0.735939368
0.734195989
0.729927931
0.744186971
0.730269671
0.730847274
0.724831424
0.736766364
0.732295792
0.735804301
0.732818341
0.733614583
0.728659103
0.730347632
0.727225274
0.734326139
0.735027077
0.735203568
0.738258922
0.734038311
0.731306643
0.741079465
