0.074471607
0.074770447
0.075972410
0.074822325
0.073943223
0.071254021
0.073062014
0.073869169
0.073083219
0.073639998
0.073564094
0.070975727
0.071621249
0.072371917
0.071106010
0.071859993
0.072976521
0.071835263
0.072696835
0.072176019
0.073162851
0.073114578
0.073139155
0.072673910
0.075386568
0.081709375
0.072365381
0.072186354
0.071334169
0.072737375
0.073582850
0.070959311
0.071325537
0.071301013
0.071962468
0.073322183
0.074552376
0.072567399
0.073503347
0.070722040
0.071941890
0.073960988
0.071699218
0.072636741
0.076323949
0.074034226
0.071838203
0.072659479
0.072817063
0.074669329
0.072877454
0.072808346
0.073497346
0.069225377
0.072123960
0.071805691
0.071615364
0.071973294
0.073867073
0.071640075
0.072613216
0.072452390
0.073772489
0.072533610
0.072525790
0.074727164
0.073170285
0.073228805
0.081824770
0.075637490
0.073962018
0.072755165
0.073592959
0.072340087
0.071808626
0.069759901
0.074002247
0.072787537
0.073590963
0.073240209
0.075167199
0.079838470
0.074778372
0.075208393
0.073184827
0.072786907
0.073085002
0.072386615
0.071068220
0.072916412
0.072773355
0.075588911
0.074620202
0.075659385
0.074277719
0.072369707
0.073659699
0.070503214
0.070498376
0.073448297
