0.072589070
0.072406943
0.076131459
0.077678754
0.073675285
0.073973502
0.073000070
0.074912076
0.074905988
0.074139522
0.072872774
0.072922102
0.074032874
0.073478616
0.072818586
0.072588027
0.072527134
0.079425905
0.072535809
0.075117200
0.073356908
0.072833556
0.072231530
0.072559875
0.072943554
0.073425039
0.074343063
0.076389625
0.074292757
0.074597237
0.074349727
0.073990222
0.072490543
0.073224627
0.073798739
0.071543022
0.074143584
0.073677328
0.072440103
0.073724823
0.073690574
0.073448193
0.072215174
0.073517585
0.074192128
0.076020031
0.073071085
0.072050552
0.073946329
0.072928936
0.072910411
0.074803578
0.074142072
0.072836840
0.072579291
0.073607907
0.072736179
0.074047342
0.073897211
0.072275784
0.074621368
0.071736519
0.072626430
0.073379769
0.074630925
0.074146119
0.073231547
0.073434166
0.074667660
0.074146641
0.072637718
0.073615002
0.073354098
0.073829593
0.074013242
0.073602747
0.072173420
0.072104709
0.071398345
0.072714199
0.072352294
0.074342608
0.073605282
0.073950467
0.072706738
0.074087338
0.072199985
0.073947247
0.073603337
0.073330598
0.071888133
0.071958556
0.072234740
0.073852352
0.073714994
0.072095411
0.074597859
0.073625234
0.075355359
0.074023176
