0.074549506
0.072621091
0.077065264
0.074238831
0.073676957
0.072681676
0.071212031
0.072244145
0.075075356
0.075515123
0.074225491
0.072443383
0.073039386
0.072103712
0.073330956
0.071478538
0.071076525
0.071636299
0.075769230
0.079674629
0.071940307
0.075658465
0.073349154
0.073133615
0.073855077
0.073128990
0.073246045
0.072466582
0.072314890
0.073174612
0.072106063
0.072620459
0.074260939
0.073955467
0.072334150
0.071850672
0.072983945
0.073587464
0.073608617
0.072921302
0.071976526
0.073058603
0.071862579
0.072023575
0.070727813
0.071662278
0.072830079
0.072682708
0.070867609
0.073105290
0.072466588
0.072037420
0.074301906
0.072310851
0.073803809
0.073150057
0.073564594
0.071682697
0.069424924
0.073997157
0.074775607
0.073367079
0.073538740
0.074324393
0.072656934
0.072965305
0.073146210
0.074169503
0.074017295
0.074011649
0.073212064
0.072760216
0.073332037
0.073617340
0.073082227
0.073368542
0.073500854
0.075560458
0.072427544
0.071900711
0.072799250
0.073140828
0.071978175
0.071776225
0.075272983
0.072315581
0.072081159
0.074986297
0.072407013
0.070796553
0.071631289
0.072578190
0.074316103
0.073236555
0.072382243
0.073765756
0.072253678
0.071303321
0.071437171
0.071752690
