0.653101400
0.670953100
0.669145000
0.671679200
0.646298700
0.651547400
0.666356300
0.685455300
0.664832200
0.646785100
0.642899500
0.651296000
0.673886100
0.687623200
0.648584800
0.655692300
0.687636300
0.664244200
0.681329500
0.662584600
0.670480300
0.635803900
0.662686300
0.660957500
0.677742200
0.656510000
0.654022600
0.650340300
0.647851700
0.652147500
0.683272000
0.680023200
0.674883600
0.683960600
0.683038300
0.686624400
0.645660100
0.654398400
0.649740600
0.644656600
0.669638400
0.687771800
0.685586300
0.636024400
0.674734100
0.687146000
0.695598200
0.697981300
0.688887100
0.694276100
0.685419100
0.706334600
0.685859200
0.687846700
0.699916600
0.655733600
0.675863500
0.676420700
0.704849300
0.682071100
0.677906600
0.666693000
0.647416900
0.682677800
0.675201300
0.677907500
0.667918600
0.692463100
0.674669600
0.669766100
0.674277400
0.664698400
0.673170800
0.674488800
0.674056900
0.673401000
0.684261500
0.657544600
0.683638800
0.690574800
0.675700800
0.679930300
0.679265200
0.685838900
0.702187900
0.674937800
0.681288700
0.678113100
0.617496900
0.645297000
0.673459600
0.681068400
0.668592200
0.665706300
0.675709100
0.672871400
0.682403100
0.657866700
0.678147600
0.678926000
