0.582519600
0.581902800
0.579236300
0.581974300
0.581987200
0.587265300
0.604967000
0.582347700
0.580517600
0.578295400
0.577438800
0.596989800
0.591568400
0.577348000
0.586106500
0.582018600
0.583547400
0.584737000
0.583299300
0.579401400
0.582674500
0.586391700
0.586630200
0.614620800
0.586935400
0.581478600
0.584852300
0.586019900
0.591011900
0.579346200
0.581703900
0.582376700
0.585576700
0.586259200
0.585857300
0.611286800
0.584043800
0.583263700
0.585112100
0.585872200
0.582821600
0.581349100
0.586569900
0.583216100
0.587588100
0.581413000
0.576100700
0.582664500
0.575890100
0.583393800
0.589056400
0.585252600
0.583892400
0.585630300
0.587495000
0.586694300
0.585205400
0.590393600
0.587261500
0.586087300
0.583331900
0.587884600
0.584282900
0.584107100
0.583332300
0.584794900
0.587731300
0.590735800
0.585461900
0.589444400
0.583372300
0.585015100
0.582565700
0.582826300
0.584515000
0.580318100
0.583332000
0.585053900
0.587787800
0.584093300
0.589390600
0.581453500
0.589273600
0.580909600
0.580209800
0.588477100
0.585541700
0.590116100
0.584373400
0.579825400
0.600022100
0.585855100
0.596304400
0.626460800
0.587945600
0.582056100
0.582988900
0.588844100
0.583134600
0.586653300
