0.722656000
0.728818400
0.725610000
0.728296800
0.726686300
0.721505800
0.727032900
0.724185000
0.789028500
0.755658500
0.732980600
0.727456400
0.731955300
0.740392400
0.745559800
0.768121100
0.727946300
0.740916800
0.721901800
0.737288300
0.727190200
0.725349500
0.732715900
0.743471100
0.738892900
0.761046300
0.799122000
0.737252500
0.733044700
0.732458800
0.739285500
0.726013900
0.731075400
0.728573000
0.722545800
0.725378900
0.727807600
0.722461400
0.723679900
0.729494500
0.732278100
0.734761600
0.722555900
0.727491400
0.722772900
0.723359300
0.722229900
0.726375500
0.731574000
0.722100700
0.732282700
0.728675300
0.728503800
0.723275500
0.732726600
0.720948600
0.726695900
0.723398500
0.729465000
0.732290000
0.729544400
0.727969000
0.723578600
0.726908200
0.730915000
0.729458800
0.727083900
0.726007000
0.731501400
0.731208700
0.721491000
0.723075100
0.724171300
0.724705900
0.725282500
0.722275200
0.733660600
0.730798700
0.727854700
0.716452700
0.730987300
0.726112300
0.729833500
0.727323400
0.725889800
0.727077800
0.724434000
0.720851500
0.718563700
0.726347900
0.730681800
0.729758400
0.724449500
0.724101700
0.723970300
0.729802400
0.724510300
0.718712700
0.734764100
0.726697900
