6.426268700
6.392614900
6.309077800
6.374570300
6.465666300
6.528742000
6.464070900
6.434927200
6.454237000
6.366146300
6.363679600
6.330990300
6.490172500
6.409475800
6.367879900
6.384896900
6.340185600
6.289696400
6.322818200
6.311696600
6.323735800
6.394426800
6.496970700
6.297435300
6.328461700
6.339060900
6.326250400
6.399077200
6.378354700
6.401231600
6.414668200
6.458548100
6.420423400
6.412141700
6.365833600
6.413987000
6.439274800
6.313948900
6.406719800
6.379987400
6.366892800
6.362309300
6.435788900
6.430977900
6.448935700
6.437821200
6.586714600
6.643888700
6.541466700
6.528713100
6.606070400
6.470880700
6.563987300
6.547829500
6.550228800
6.608880000
6.704552300
6.611088900
6.507422200
6.556817900
6.548373600
6.606977400
6.577591100
6.543921300
6.517146700
6.673087900
6.555577600
6.598215900
6.592899100
6.641490200
6.666676100
6.557456000
6.465178000
6.480760100
6.614528300
6.664600400
6.665476400
6.636792600
6.570381800
6.494729100
6.537257300
6.444459900
6.535778900
6.654446400
6.605027000
6.550161500
6.519219700
6.685134500
6.561000800
6.592476100
6.692462300
6.573351800
6.541847500
6.547383000
6.589258500
6.600787100
6.541894200
6.479295800
6.686453400
6.593672300
