11.574799000
11.554455700
11.511842800
11.545620800
11.539496900
11.572829300
11.502895900
11.595208500
11.511179300
11.508526100
11.566247200
11.563415500
11.652207800
11.593774000
11.640692800
11.612061000
11.561568500
11.604184500
11.652512300
11.590028900
11.604155400
11.597890800
11.601855700
11.565475900
11.617378300
11.579312100
11.575238200
11.627407600
11.674331400
11.610497600
11.556079500
11.617149200
11.603349300
11.613262700
11.614054300
11.554860100
11.589613100
11.581651200
11.632155600
11.631775300
11.616163300
11.643147000
11.635750800
11.579531800
11.602527600
11.626958500
11.592637200
11.574842800
11.548061500
11.589411500
11.575597500
11.696079000
11.684727400
11.593079400
11.537494200
11.578966700
11.520768200
11.511492400
11.582910200
11.609496000
11.606122200
11.564961600
11.570110200
11.560608800
11.545151100
11.586200000
11.578575700
11.614300400
11.592115700
11.637941400
11.676541800
11.696905700
11.748194600
11.577013100
11.590312500
11.609642600
11.611024800
11.606655000
11.557573700
11.622389200
11.553112500
11.621396100
11.567152400
11.614217800
11.850379000
11.589521000
11.592841800
11.606393900
11.584809700
11.597186600
11.625332500
11.621257900
11.636543400
11.614019600
11.602964900
11.582826800
11.603313700
11.554462300
11.639392000
11.615397100
