7.578525100
7.609892800
7.551103800
7.551134700
7.575786800
7.549811700
7.553811100
7.592013600
7.551591400
7.521494100
7.595675200
7.576938200
7.493090400
7.537438100
7.576152700
7.621922100
7.544812400
7.492271400
7.610219700
7.601144100
7.536476900
7.608080200
7.592983300
7.526558800
7.555477900
7.545725100
7.518196500
7.537869800
7.502385300
7.482624900
7.473241400
7.546943900
7.582041100
7.508605100
7.571931700
7.516477000
7.594859600
7.541228900
7.578816800
7.695529300
7.676766800
7.789814400
7.789260400
7.728700900
7.734108100
7.731930200
7.812615500
7.784982600
7.676547200
7.729804800
7.711101500
7.752605700
7.724015500
7.729301600
7.713986900
7.664774700
7.710780600
7.728081400
7.711416200
7.762069800
7.754138800
7.665575000
7.768259200
7.738097100
7.783946700
7.767441800
7.689488200
7.727293000
7.728144000
7.753830200
7.740114100
7.704790700
7.787563200
7.703359200
7.675072700
7.729745900
7.767581900
7.765306000
7.692376800
7.708404200
7.721577000
7.709396800
7.796997700
7.817048900
7.802709900
7.792257700
7.750293600
7.654930900
7.703894200
7.748899600
7.759238200
7.772238600
7.774357800
7.726175400
7.756035800
7.743494600
7.741370100
7.779887500
7.669066300
7.764144000
