8.216316900
8.068258100
8.216396700
8.211747300
8.202485000
8.276075200
8.213273100
8.254819400
8.221396000
8.184807700
8.176510600
8.241055100
8.182160300
8.181822300
8.265810900
8.194509500
8.269100000
8.273080900
8.121806800
8.165860000
8.120874700
8.085611100
8.082835000
8.070718100
8.063603100
8.099387300
8.060258500
8.069141000
8.070650300
8.064483000
8.132150900
8.195568300
8.175284100
8.134208200
8.082774700
8.091723900
8.251458300
8.201200200
8.202520100
8.184652700
8.174129000
8.177513000
8.174809600
8.178698500
8.179466300
8.176245200
8.195428000
8.207828200
8.195435600
8.184527100
8.177955300
8.177671100
8.221007300
8.213314700
8.192644300
8.211583500
8.207985200
8.207360400
8.184990600
8.245465100
8.278331100
8.698610900
8.275089700
8.209772400
8.272522700
8.264490500
8.299114500
8.213453000
8.222239700
8.205864800
8.203897100
8.218905400
8.210470400
8.184860100
8.184269400
8.244729400
8.205994500
8.215951800
8.264935500
8.185043200
8.207734700
8.199417800
8.197802700
8.193381400
8.176026300
8.178063300
8.208025600
8.193547400
10.948271600
13.619893800
9.057157400
9.867553600
8.376152300
14.670495800
22.183123300
11.256692900
10.927446200
16.678064300
13.945685800
9.202456300
