6.899298000
6.839930000
6.975061900
6.925551100
6.940562600
6.939380700
6.922279400
8.844687500
8.650222300
14.779158400
9.209688500
6.991718400
7.012479300
7.004659400
7.000665300
6.986162900
6.967641700
6.972837100
7.023801000
6.977298800
6.998222300
6.969226200
6.972914900
6.972899500
6.998322400
6.998490100
7.070559900
8.169559400
7.085138900
6.977558900
7.305027300
8.603246000
7.574596500
7.037235900
7.618797400
7.162230400
7.071397400
7.661031000
7.181008200
7.039836300
7.036991500
6.967907100
6.965650100
7.831975100
6.994839300
7.063639600
6.995697900
7.809496600
7.053864600
7.610039000
7.486552500
7.087560600
6.928856900
6.959367200
7.014401100
7.006988600
7.624010900
7.101285400
7.057270300
7.679973800
7.084185400
7.054643100
7.445526000
7.121821100
6.975671400
7.286415600
7.031249000
7.548057100
8.257372100
7.183452200
7.082886000
7.694225500
7.449551200
7.170327200
7.087455500
7.650698200
6.950811500
6.961239400
6.957527900
6.968530600
7.124827800
7.026120700
7.022453000
7.036631200
7.013773700
7.019646100
7.023158000
7.050645400
7.082090000
7.040691200
7.849096400
7.131284900
7.069357400
7.038533500
7.518980500
7.180654500
7.175842000
7.086208000
7.618887700
7.109578800
