8.719795700
8.624031400
8.670063100
8.694084900
8.685186000
8.713515500
8.703416300
8.686040700
8.709257000
8.670427800
8.679091600
8.687242000
8.709403800
8.692275800
8.680879700
8.675608900
8.667933900
8.667006800
8.673450400
8.672587500
8.663357400
8.662887100
8.677014700
8.667724500
8.680515000
8.667214400
8.684608300
8.669909500
8.676472600
8.662462800
8.673012800
8.675071600
8.669207800
8.756239800
8.814008400
8.794914500
8.818142200
8.821473900
8.821445800
8.818163800
8.843136300
8.818831400
8.838320800
8.842909600
8.817930200
8.848817100
8.816680400
8.830982700
8.832522000
8.824226800
8.823020500
8.852420400
8.844504200
8.827970400
8.813550400
8.809035000
8.822651600
8.832249100
8.818685600
8.828264100
8.845658800
8.825511100
8.801140800
8.828541800
8.815387500
8.815524400
8.801303300
8.800596000
8.817548700
8.810377100
8.812750200
8.823461000
8.824888200
8.842935900
8.838420400
8.821337900
8.846836900
8.821607200
8.831323100
8.811311300
8.818230100
8.818546500
8.829134900
8.826814800
8.830077000
8.838725200
8.810633500
8.813017700
8.850101600
8.837827600
8.815568900
8.827393600
8.810734000
8.822305600
8.805952700
8.841686300
8.825767800
8.827574800
8.802544900
8.824354000
