0.020576062
0.020531626
0.020498054
0.020560562
0.021819044
0.020481212
0.020490128
0.021034303
0.020454241
0.020448719
0.020518251
0.020483707
0.020416768
0.020523812
0.020446435
0.020472996
0.020492853
0.020451385
0.020732924
0.020771608
0.020582515
0.021050242
0.020797632
0.020988512
0.020424483
0.020420255
0.020409305
0.021997128
0.020492121
0.020489027
0.020523521
0.020484296
0.020489678
0.020488625
0.020500056
0.020455744
0.020508353
0.020462676
0.020464911
0.020522549
0.020468397
0.020465252
0.020510276
0.020522970
0.020490801
0.020482814
0.020477394
0.020496992
0.020456825
0.020470440
0.020454943
0.020454480
0.020490468
0.021590230
0.020477354
0.020466854
0.020504366
0.020936386
0.020504857
0.020438110
0.020467264
0.020493275
0.020482494
0.020497231
0.020464951
0.020476903
0.020478626
0.020436227
0.020487944
0.020490969
0.020497423
0.020508884
0.020505227
0.020562846
0.020522951
0.020467936
0.020455472
0.020504306
0.020551896
0.020471022
0.020501310
0.020486752
0.020474158
0.020478416
0.020459460
0.020475100
0.020457036
0.020955532
0.020497082
0.020633049
0.020485009
0.020521209
0.020478235
0.020569379
0.020505859
0.020516227
0.020485198
0.020457046
0.020455482
0.020489687
