0.022476419
0.022309016
0.022311760
0.022927322
0.022263278
0.022218824
0.022224546
0.022262226
0.022225488
0.022247338
0.022198074
0.022223824
0.022295279
0.022309637
0.022260705
0.022248741
0.022218805
0.022268980
0.022409943
0.022896573
0.022842880
0.022377372
0.023366926
0.022281022
0.022249664
0.022560558
0.022905033
0.022220909
0.022223553
0.022281435
0.022234243
0.022278527
0.022819357
0.022280892
0.022217923
0.022257708
0.022233792
0.022218234
0.022239283
0.022266004
0.022219245
0.022235114
0.022245666
0.022245564
0.022238942
0.022220689
0.022261926
0.022225747
0.022219877
0.022239844
0.022227802
0.022224335
0.022273518
0.022201431
0.022263949
0.022224205
0.022219615
0.022239664
0.022246187
0.022236116
0.022268739
0.022279380
0.024771647
0.022241318
0.022252468
0.022205739
0.022776429
0.022226158
0.022276535
0.022220637
0.022281413
0.023112920
0.022231718
0.022242880
0.022200950
0.022282785
0.022243782
0.022246997
0.022232790
0.022208776
0.022380391
0.023709768
0.022249382
0.022266655
0.022271215
0.022243221
0.022267958
0.022238782
0.022272666
0.022235206
0.022221488
0.022394342
0.022222732
0.022285050
0.022254242
0.022220077
0.022243190
0.022258010
0.022249442
0.022220608
