0.022076527
0.020680230
0.020606862
0.020807883
0.020727871
0.020659622
0.020637359
0.020608195
0.020898706
0.020650434
0.020704677
0.020712864
0.020684228
0.020611159
0.020773488
0.021324556
0.020711781
0.020744383
0.021302114
0.021467718
0.020770362
0.021992164
0.020778709
0.020647378
0.020832510
0.020694407
0.021313124
0.020849674
0.020706430
0.020658901
0.021126809
0.020816861
0.020513644
0.020592365
0.020662978
0.020555935
0.020559551
0.020707322
0.020600801
0.020560203
0.020764691
0.020800549
0.020533472
0.020633402
0.020911375
0.020770412
0.020594468
0.020801471
0.020505168
0.020646658
0.020602884
0.020837790
0.020681673
0.020481183
0.020487896
0.020657248
0.020571955
0.020562797
0.020476624
0.020535505
0.020605560
0.020688237
0.020714165
0.020418753
0.020434124
0.020424615
0.020572266
0.020456786
0.020932690
0.020869551
0.021427291
0.020646637
0.020620367
0.020637690
0.020594778
0.020691052
0.020601521
0.020606741
0.020637910
0.020597623
0.020565805
0.020589959
0.020715538
0.020531197
0.020555986
0.020723252
0.020472897
0.020725927
0.020490159
0.020619496
0.020633232
0.022478825
0.020785200
0.020562186
0.020635045
0.020773289
0.020584689
0.020747839
0.020619365
0.020653369
