0.034072800
0.033548800
0.034119600
0.034036700
0.034133000
0.034111700
0.034774500
0.034083500
0.034144000
0.034060200
0.034000800
0.033845700
0.034030300
0.034029200
0.033939800
0.033967900
0.034055100
0.034071800
0.034020900
0.035249000
0.034046800
0.034036300
0.033991900
0.034037900
0.034000000
0.033993100
0.033958200
0.033869700
0.033945900
0.033909900
0.034028300
0.034034100
0.034923300
0.034075900
0.033993700
0.034127300
0.034104900
0.034048900
0.034098400
0.034069300
0.033995400
0.034001800
0.034057900
0.034180300
0.034142700
0.034016200
0.034591400
0.034152900
0.033917400
0.035742300
0.034971400
0.034029300
0.033900300
0.034048000
0.034062000
0.033998600
0.034059900
0.034119800
0.034023700
0.034025700
0.034047000
0.033918900
0.034117600
0.034106900
0.033947800
0.034022700
0.034009700
0.034000900
0.034096900
0.034100600
0.034001300
0.034101000
0.034506600
0.033937300
0.033970300
0.034034700
0.033958400
0.034591100
0.034035300
0.034967300
0.034035800
0.033985600
0.034025200
0.033985400
0.034036000
0.034030500
0.034003700
0.034014000
0.033940300
0.034005700
0.034039400
0.034014900
0.033977400
0.034050400
0.033973500
0.034023200
0.033945100
0.034072300
0.034005000
0.033998500
