0.034585000
0.096086400
0.037704800
0.037756000
0.037457300
0.039159300
0.055698900
0.038756600
0.085764200
0.050695800
0.121583600
0.058773400
0.048031200
0.036753700
0.035829800
0.034871000
0.035548700
0.035771900
0.034997800
0.034969200
0.035906800
0.035503200
0.036848900
0.034792700
0.035875200
0.034118400
0.034200100
0.033986700
0.034424900
0.033876100
0.035053700
0.034736300
0.034202700
0.035544700
0.034978100
0.034494200
0.035029000
0.034966800
0.035290000
0.034276900
0.035389000
0.035528100
0.035864700
0.037044400
0.036190600
0.034999900
0.034841900
0.035340400
0.034313500
0.034150600
0.034166100
0.034081700
0.034153600
0.035838500
0.034263200
0.034079500
0.036850000
0.035101300
0.034986800
0.034523000
0.034118600
0.034221600
0.034543900
0.035309600
0.034755000
0.034075100
0.034373800
0.036553800
0.038786300
0.036701700
0.035354300
0.034449000
0.034911700
0.036136000
0.034064400
0.036174500
0.034016900
0.035716600
0.034878100
0.036919500
0.034129900
0.034789100
0.034306700
0.035510500
0.035350300
0.033878300
0.034412500
0.035167000
0.034059800
0.034067100
0.035465300
0.034073100
0.034044000
0.033968900
0.033995300
0.034272400
0.033931300
0.034117600
0.034065300
0.035899900
