0.072004500
0.071998700
0.072295500
0.072740600
0.072767900
0.071785800
0.071006500
0.071065500
0.071608100
0.072135900
0.071461100
0.072023000
0.071995600
0.075241000
0.075126500
0.075345600
0.075286100
0.075274100
0.075245300
0.075727700
0.074055800
0.070296600
0.071659100
0.072074700
0.071162600
0.072101600
0.071628900
0.072420700
0.073702400
0.073571700
0.071487400
0.069807800
0.072406500
0.073571700
0.076187700
0.070514100
0.070239000
0.070243200
0.071183200
0.071272800
0.070440700
0.070374300
0.071090400
0.073127300
0.072734700
0.073615600
0.073530300
0.073459600
0.074067300
0.070426600
0.070454200
0.069652700
0.069978400
0.071891600
0.071917600
0.071862100
0.072108500
0.074339600
0.075172900
0.076707000
0.073952800
0.074199400
0.074206800
0.072790500
0.074138000
0.071441600
0.072471100
0.073142600
0.073517100
0.074076300
0.071536400
0.070709400
0.069678500
0.069755200
0.069804000
0.069804500
0.071312800
0.069968600
0.069804500
0.074438600
0.135778500
0.101513800
0.103219800
0.133473400
0.080233100
0.072761200
0.077035100
0.073548900
0.073298200
0.072019600
0.072543300
0.072857400
0.073207000
0.073280800
0.074157900
0.073829300
0.073711000
0.074193000
0.074461500
0.074104900
