0.000277500
0.000254200
0.000250500
0.000250600
0.000250500
0.000250800
0.000250500
0.000250500
0.000256000
0.000254200
0.000250500
0.000250500
0.000250600
0.000254200
0.000250500
0.000250500
0.000253800
0.000254200
0.000250600
0.000250500
0.000250500
0.000254300
0.000250500
0.000250500
0.000254900
0.000250600
0.000250500
0.000250500
0.000250500
0.000254200
0.000276900
0.000250600
0.000250600
0.000250800
0.000250500
0.000250600
0.000250500
0.000250800
0.000254300
0.000250600
0.000250500
0.000250500
0.000250500
0.000250500
0.000250600
0.000250500
0.000254100
0.000250600
0.000250500
0.000250500
0.000250500
0.000250500
0.000250600
0.000254400
0.000250500
0.000250500
0.000250500
0.000250600
0.000250600
0.000250500
0.000250500
0.000255500
0.000250500
0.000250500
0.000250600
0.000250500
0.000250500
0.000250500
0.000250500
0.000253300
0.000250500
0.000250500
0.000250600
0.000250500
0.000250500
0.000250500
0.000250800
0.000256900
0.000250500
0.000250500
0.000250600
0.000250600
0.000250500
0.000250500
0.000250500
0.000253200
0.000250500
0.000250600
0.000252300
0.000252200
0.000250500
0.000250600
0.000252200
0.000270000
0.000250600
0.000250600
0.000250900
0.000250500
0.000250500
0.000250500
