0.075301200
0.075018600
0.073658800
0.073674400
0.074792700
0.075494800
0.076155900
0.074855000
0.075088900
0.074372400
0.074263100
0.074229500
0.073903700
0.073749300
0.073865500
0.073756100
0.074363000
0.073941600
0.074012100
0.075382800
0.074369800
0.074269900
0.074222700
0.074425700
0.074766800
0.074095500
0.074380700
0.074347600
0.074269900
0.074442200
0.074227600
0.074056600
0.076223400
0.075215500
0.075461000
0.075549900
0.075651400
0.075858200
0.073671100
0.074127400
0.073878900
0.073814500
0.074351700
0.074575400
0.074353600
0.073529200
0.075183100
0.074419700
0.074094600
0.074207300
0.074133800
0.073410500
0.073729800
0.074207900
0.077628900
0.075104300
0.076034600
0.077518500
0.075961800
0.079253400
0.075507400
0.075849400
0.075720200
0.075480400
0.076147300
0.075247900
0.074743300
0.074757700
0.074783200
0.075003500
0.074497800
0.074395000
0.074380300
0.077821800
0.074308800
0.074205300
0.073484200
0.073422200
0.073529500
0.074280900
0.073929700
0.074126100
0.074099200
0.074117100
0.074101800
0.074078700
0.074238000
0.075525800
0.074158000
0.073874300
0.074042000
0.074061100
0.074166400
0.074198800
0.074163500
0.076049500
0.073569300
0.073405500
0.074768700
0.074151700
