0.637167100
0.620639600
0.620171800
0.625593000
0.619842500
0.635069900
0.610458700
0.618279200
0.617056400
0.619077700
0.629479500
0.625894900
0.628282800
0.671569800
0.636012400
0.620017900
0.630058600
0.628274200
0.657741800
0.635895100
0.630854400
0.629675100
0.622254700
0.628428600
0.634937800
0.626536800
0.628519700
0.626102600
0.646548400
0.635290000
0.628081500
0.634770800
0.627408000
0.630526800
0.642319800
0.624636400
0.642426600
0.621362100
0.628533800
0.654328100
0.639293800
0.627990400
0.616338200
0.653567200
0.646388000
0.640378300
0.625755300
0.636789500
0.621797000
0.661563900
0.629207000
0.627324000
0.634017400
0.640526600
0.652403200
0.624012200
0.621400100
0.636862400
0.621476200
0.646461600
0.629258200
0.625419200
0.636895800
0.642516200
0.628675100
0.633256400
0.620063400
0.620811600
0.639926100
0.623869000
0.618975000
0.654246400
0.626937800
0.636301400
0.656136100
0.619010700
0.631050200
0.621592400
0.626855500
0.615952700
0.619693500
0.614256700
0.631102900
0.628349200
0.616831600
0.612455500
0.618134800
0.614014200
0.635467700
0.645303000
0.653945800
0.618212000
0.632948900
0.615854500
0.625326700
0.631758300
0.628672100
0.613336600
0.610505700
0.615275600
