0.610236000
0.602338700
0.613829800
0.611835200
0.611331300
0.611764700
0.643333600
0.621746100
0.615352200
0.603540100
0.634581000
0.666002800
0.618647900
0.601518200
0.609215200
0.624656800
0.613367500
0.621944700
0.623307600
0.627238900
0.622559500
0.623555500
0.625228600
0.627607600
0.624051700
0.626845200
0.609888200
0.615991600
0.625745600
0.623449300
0.622608300
0.626720500
0.608770300
0.637721000
0.616212000
0.626129900
0.611491900
0.614319800
0.612550300
0.625628500
0.617930900
0.650830200
0.616199200
0.617839000
0.628055400
0.644746800
0.619000400
0.635700100
0.620717500
0.646686800
0.616630200
0.620531400
0.612124300
0.634601200
0.625665600
0.640979800
0.613527600
0.627208900
0.595829200
0.602148900
0.615911000
0.594099400
0.602068500
0.601994000
0.602917700
0.610882400
0.596856500
0.610826600
0.604474900
0.601394000
0.616389800
0.607195800
0.607203100
0.599232100
0.602779700
0.606503200
0.609383000
0.598632200
0.611571100
0.615802100
0.611841400
0.605870300
0.607526500
0.612586000
0.596983800
0.620216800
0.606111000
0.615295200
0.610909800
0.630319600
0.608702900
0.627279600
0.650561900
0.622803300
0.617524600
0.629636000
0.605802200
0.615473500
0.621992700
0.628676000
