0.608199300
0.603298100
0.610843300
0.602069700
0.607879900
0.608108100
0.639841700
0.612184200
0.600378300
0.601071400
0.599863600
0.601637100
0.614427100
0.615571500
0.613223000
0.608992100
0.612046600
0.609827800
0.617817200
0.608498900
0.610496800
0.616083000
0.614693000
0.651741300
0.612971300
0.614193900
0.612836200
0.611539200
0.613375400
0.605523900
0.622614300
0.612192700
0.618407700
0.610796300
0.617917100
0.613355200
0.687530800
0.618326700
0.622658500
0.611897200
0.612531000
0.621418600
0.618855900
0.617962200
0.611043600
0.616158600
0.610279600
0.615381200
0.613187200
0.620372100
0.613022800
0.617506000
0.616104800
0.614125600
0.614281300
0.622582000
0.614129300
0.618734700
0.614278100
0.621917500
0.616272200
0.618421600
0.616459600
0.614247100
0.611621000
0.611665800
0.623991300
0.613639300
0.615799900
0.617246300
0.619979000
0.613627900
0.622418900
0.614708400
0.617847000
0.613304100
0.612180000
0.616056500
0.614425400
0.635775200
0.621219200
0.616459600
0.612239800
0.612088400
0.614946100
0.616075100
0.626132500
0.629202700
0.608839700
0.610148600
0.612359000
0.611395600
0.611245200
0.611302500
0.611757400
0.619102200
0.614000400
0.608026900
0.619076700
0.612058700
