0.000000100
0.000000100
0.000000100
0.000000000
0.000000000
0.000000000
0.000000000
0.000000100
0.000000100
0.000000100
0.000000000
0.000000000
0.000000000
0.000000100
0.000000000
0.000000000
0.000000000
0.000000100
0.000000000
0.000000000
0.000000000
0.000000100
0.000000000
0.000000100
0.000000000
0.000000000
0.000000000
0.000000100
0.000000000
0.000000000
0.000000000
0.000000100
0.000000000
0.000000000
0.000000000
0.000000100
0.000000100
0.000000000
0.000000000
0.000000100
0.000000100
0.000000000
0.000000000
0.000000100
0.000000100
0.000000000
0.000000000
0.000000000
0.000000100
0.000000000
0.000000000
0.000000000
0.000000100
0.000000000
0.000000000
0.000000000
0.000000100
0.000000000
0.000000000
0.000000000
0.000000100
0.000000000
0.000000000
0.000000000
0.000000100
0.000000000
0.000000000
0.000000100
0.000000000
0.000000000
0.000000000
0.000000100
0.000000000
0.000000000
0.000000000
0.000000100
0.000000100
0.000000000
0.000000000
0.000000100
0.000000100
0.000000000
0.000000000
0.000000100
0.000000100
0.000000000
0.000000000
0.000000100
0.000000100
0.000000000
0.000000000
0.000000000
0.000000000
0.000000100
0.000000000
0.000000000
0.000000000
0.000000100
0.000000000
0.000000000
