0.925753700
0.922556100
0.927634800
0.903993300
0.939738200
1.254072800
0.958808400
0.978993900
1.011155300
0.931351400
1.075668700
0.982895200
0.954637500
0.958261700
0.931212000
0.993991000
0.948300800
0.936063100
0.956851100
0.958678400
0.990581800
0.967762000
0.957174400
0.939782100
0.971329700
0.975617100
0.934078500
0.908714100
0.902681000
0.882119300
0.889008300
0.905450500
0.884009900
0.897916800
0.911098900
0.933812500
0.951534700
0.932056900
0.967025700
1.077352700
0.945635700
0.977378100
0.999486800
0.979950900
0.923745500
0.900624000
0.899734300
0.885463700
0.879644700
0.876578500
0.885762800
0.890446300
0.873803600
0.879548000
0.874054600
0.892085100
0.874578300
0.893991600
0.874360400
0.935843200
0.886269700
0.894515600
0.891393100
0.862267600
0.867859400
0.857288400
0.886260900
0.889865100
0.898962800
0.915453100
0.900643500
0.877999500
0.875588200
0.897209800
0.893700400
0.894908300
0.891503300
0.889471800
0.902756900
0.893238500
0.914113000
0.872707600
0.857702600
0.881930600
0.908569600
0.946454400
0.882403800
0.867062100
0.885406100
0.901523500
0.938575900
0.938164400
0.958457500
0.920362800
0.891861100
0.899338100
0.872949300
0.882062700
0.884045100
0.885428500
