0.002524400
0.002521300
0.002514700
0.002511100
0.002511400
0.002525400
0.002515000
0.003121000
0.002516100
0.002520200
0.002568400
0.002811000
0.002537300
0.002514600
0.002511200
0.002514700
0.002518400
0.002514700
0.002522000
0.002521700
0.002511300
0.002514500
0.002512700
0.002514200
0.002522100
0.002524300
0.002510900
0.002518100
0.002508000
0.002515000
0.002528200
0.002507100
0.002518000
0.002507900
0.002508300
0.003690500
0.002628600
0.002511600
0.002514900
0.002515100
0.002513800
0.002523000
0.002513700
0.002511000
0.002507200
0.002507500
0.002518900
0.002520500
0.002507500
0.002513300
0.002515500
0.002511600
0.002517300
0.002529900
0.002507900
0.002545100
0.002511700
0.002507200
0.002514400
0.002526000
0.002508000
0.002509800
0.002515300
0.002507600
0.002514700
0.002517900
0.002508500
0.002507600
0.002515400
0.002510900
0.002513000
0.002518800
0.002507600
0.002556400
0.002517300
0.002519100
0.002515700
0.002530100
0.002515500
0.002850700
0.003209700
0.002522900
0.002512000
0.002535200
0.002522100
0.002586500
0.002508800
0.002514600
0.002520600
0.002510500
0.002517900
0.002514700
0.002545600
0.002515600
0.002519200
0.002514900
0.002518700
0.002518100
0.003440400
0.002514900
