1.098044300
1.098810300
1.137388800
1.128171900
1.126531700
1.121717700
1.111982200
1.150131400
1.182828500
1.126048800
1.109523900
1.140622700
1.172536900
1.133758700
1.105924400
1.146091500
1.155443600
1.136749700
1.122031900
1.160055400
1.139288900
1.115314200
1.160140200
1.147498900
1.106067800
1.102296000
1.117641600
1.145604700
1.130071400
1.104237300
1.167341500
1.131718100
1.129367200
1.167988700
1.092886600
1.125000500
1.120369900
1.118370900
1.122589000
1.107578800
1.152517500
1.156458100
1.095789000
1.147648200
1.111436800
1.159180600
1.179971500
1.146082500
1.119254600
1.129871700
1.124491500
1.130809400
1.145439000
1.114739100
1.118958900
1.093046700
1.138974000
1.142225300
1.155855500
1.117427100
1.119608800
1.123098500
1.127750000
1.117245200
1.158028000
1.147832700
1.132418800
1.120927600
1.118941700
1.125457200
1.119545900
1.150155900
1.106082800
1.144695200
1.114086200
1.130689500
1.150152400
1.152922200
1.122778600
1.122601400
1.111762300
1.101650300
1.097797500
1.095671100
1.114491000
1.096546900
1.095704800
1.099399800
1.128798000
1.134341000
1.123764600
1.138611400
1.104266000
1.107537100
1.114626300
1.113844600
1.125050300
1.128194900
1.126896600
1.096096500
