0.359257800
0.358665600
0.358921800
0.359537000
0.359288800
0.358053100
0.358766700
0.358972900
0.357718000
0.359155400
0.358203400
0.358965000
0.358118700
0.358280500
0.358797800
0.358418600
0.358586700
0.359029500
0.357938800
0.358259600
0.359065400
0.358582400
0.357881300
0.359205800
0.358184900
0.361823000
0.360652400
0.358501100
0.359788800
0.358228900
0.358199500
0.359633400
0.358194900
0.358673200
0.359430700
0.358189700
0.358395700
0.358655400
0.357956300
0.358332400
0.358181400
0.357669600
0.359064100
0.358843700
0.357805100
0.359562800
0.357920600
0.357863500
0.358296700
0.358041200
0.359317000
0.359561800
0.357982700
0.357959700
0.359451500
0.359910000
0.357782500
0.359242200
0.357418900
0.359302000
0.359715700
0.358593700
0.359088200
0.358765400
0.358513800
0.359714000
0.357908200
0.357982600
0.358993300
0.358094000
0.358230500
0.359103000
0.358827400
0.358903900
0.359322500
0.358569100
0.360118700
0.358653000
0.358314000
0.359596500
0.357849300
0.357993700
0.358970200
0.357967100
0.361536400
0.359056200
0.357993100
0.358016200
0.359037800
0.358855900
0.360522800
0.358145800
0.358684700
0.359662800
0.357579500
0.357782900
0.358714200
0.357697700
0.357797500
0.359219600
