0.377615500
0.377436900
0.379818400
0.378174400
0.379185400
0.379234100
0.377508500
0.378294100
0.378181400
0.377436600
0.379037700
0.378196500
0.377522400
0.382390700
0.378104600
0.378605000
0.377979100
0.378828500
0.378389900
0.381022600
0.377506700
0.378675400
0.377492700
0.377929200
0.377119600
0.377461400
0.380417600
0.377289800
0.378079400
0.379401300
0.378165400
0.378553700
0.378177000
0.376759300
0.379122500
0.378531700
0.377302900
0.378882700
0.378508300
0.378439600
0.377492900
0.377175300
0.378874400
0.377186300
0.379930700
0.398821300
0.435837700
0.387326800
0.378665400
0.378448500
0.378639300
0.378049500
0.378464800
0.382025800
0.379653800
0.386026900
0.377853500
0.377557600
0.378047200
0.377363200
0.378762400
0.378400700
0.378518800
0.379712400
0.378145900
0.377612400
0.379027300
0.377742300
0.386746200
0.391830700
0.383567200
0.382637000
0.384519500
0.440442200
0.395359100
0.378632000
0.386901500
0.400512600
0.399266500
0.381020100
0.446838900
0.424777000
0.391643000
0.385985600
0.381372500
0.380685500
0.380696300
0.377267900
0.400655800
0.382333900
0.378101500
0.377661600
0.390301200
0.391527300
0.381178300
0.378793200
0.381252100
0.379075100
0.378781400
0.378572800
