0.002513900
0.002515400
0.002523400
0.002508000
0.002521200
0.002515900
0.002522000
0.002512100
0.002519300
0.002518700
0.002508100
0.002521500
0.002512300
0.002516100
0.002516100
0.002516200
0.002516400
0.002521700
0.002520200
0.002515200
0.002511500
0.002512400
0.002519700
0.002512000
0.002513900
0.002516200
0.002512700
0.002512900
0.002510800
0.002508900
0.002528900
0.002519600
0.002507000
0.002511000
0.002514900
0.002516000
0.002530300
0.002507500
0.002511800
0.002513100
0.002512300
0.002508100
0.002526000
0.002513100
0.002512100
0.002510600
0.002514500
0.002516400
0.002531400
0.002521300
0.002508100
0.002515700
0.002516400
0.002515500
0.002514800
0.002526800
0.002511600
0.002508100
0.002511600
0.002515400
0.002508900
0.002535100
0.002516400
0.002515400
0.002516700
0.002514500
0.002516000
0.002547400
0.002520800
0.002511600
0.002512300
0.002520000
0.002518100
0.002525500
0.002513000
0.002522100
0.002516100
0.002512700
0.002523400
0.002511900
0.002533900
0.002520100
0.002509600
0.002509200
0.002517900
0.002509400
0.002524400
0.002512500
0.002512400
0.002508400
0.002511700
0.002518100
0.002790100
0.003340300
0.002515500
0.002515500
0.002515000
0.002512900
0.002530700
0.002510500
