0.748725400
0.744645900
0.746844100
0.747281500
0.747345100
0.747080400
0.746332000
0.748580800
0.748652200
0.745960000
0.748660200
0.747199300
0.746513700
0.746204200
0.748785300
0.747567700
0.748375000
0.745095100
0.749775100
0.750087500
0.746126900
0.746672800
0.748880300
0.749161500
0.747925100
0.745945700
0.748609700
0.749599000
0.748487200
0.749240400
0.748699100
0.748367300
0.745925900
0.751202700
0.747446800
0.747073800
0.748280000
0.749032200
0.747127000
0.746081200
0.748819400
0.749420200
0.748101500
0.747531800
0.749008100
0.749031300
0.746600600
0.745433900
0.749172300
0.748656300
0.749493100
0.749158300
0.745254100
0.749948500
0.746629800
0.746682300
0.751867600
0.750157400
0.748092600
0.748239700
0.759165500
0.746537200
0.745431200
0.744457100
0.748753900
0.748136100
0.745813400
0.745873100
0.747979900
0.750392300
0.748903100
0.745101500
0.752643700
0.751159100
0.748506100
0.749941500
0.752110900
0.747164700
0.745308900
0.750749100
0.748130200
0.749692800
0.747197900
0.750983100
0.748901300
0.747742900
0.746226900
0.749062100
0.748444700
0.745808700
0.748704500
0.748511600
0.750373300
0.748335700
0.749040200
0.749112200
0.750181000
0.749325700
0.746156900
0.749085500
