7.271325152
7.248009629
7.283019930
7.283714302
7.257660150
7.286192546
7.260794710
7.280361865
7.271884583
7.305203334
7.255295450
7.279732898
7.266152934
7.255620569
7.274550936
7.266886521
7.267986592
7.266521804
7.272064906
7.276550391
7.082964043
7.010991729
7.073746149
7.125274168
7.130333392
7.209603660
7.159751878
7.211162501
6.999766127
7.115007044
7.159285755
7.282272078
7.257480384
7.269131853
7.289208100
7.288416155
7.254476284
7.263224460
7.256986034
7.262655229
7.275766962
7.277634679
7.286119714
7.267053435
7.279449612
7.274041980
7.285685774
7.299363674
7.285121715
7.262533062
7.288143890
7.258076252
7.294445331
7.273901587
7.286633203
7.292186921
7.273574541
7.254677011
7.263043905
7.297118312
7.275893688
7.287284847
7.284879572
7.286590144
7.274923308
7.265113519
7.242133329
7.295083366
7.278235784
7.269028880
7.321274199
7.263607026
7.273470620
7.246428708
7.277467835
7.268933275
7.291660538
7.268879127
7.268382664
7.284100641
7.244517890
7.268620272
7.269993567
7.283910801
7.264231578
7.263080284
7.270719844
7.262875099
7.295062629
7.280463882
7.258358600
7.297436066
7.279156633
7.302943807
7.283798986
7.278250841
7.271680408
7.280023302
7.285416027
7.263574681
