7.284909014
7.288895904
7.297354642
7.274545664
7.309188135
7.257382416
7.277977311
7.302199216
7.306916626
7.277264308
7.294057240
7.296550366
7.282814478
7.294076129
7.270053065
7.316478132
7.280457956
7.290178366
7.270773978
7.281706297
7.274287306
7.280252859
7.277044751
7.296905225
7.294574042
7.282112536
7.274195528
7.282772839
7.276765809
7.289749399
7.275311971
7.300656481
7.281109055
7.296596514
7.294986381
7.277452917
7.291968038
7.281326760
7.286545715
7.283374062
7.290151730
7.307235568
7.289816284
7.291605081
7.262620762
7.292772186
7.265740908
7.282928892
7.275617954
7.283705036
7.292472042
7.279036258
7.292221084
7.260496574
7.283817118
7.281062289
7.288206940
7.273172397
7.276024372
7.283831710
7.284200898
7.291614010
7.279496448
7.270451962
7.310802677
7.280331618
7.288004273
7.307961556
7.283502820
7.298922780
7.287998680
7.270233111
7.295858067
7.267735245
7.285649727
7.287976188
7.273124541
7.269001474
7.285184331
7.270068800
7.280744128
7.295084224
7.309630387
7.265931929
7.284812287
7.267574646
7.279531709
7.288776280
7.287004847
7.291075798
7.292665579
7.325259435
7.299656606
7.304729252
7.270175528
7.248726688
7.296372064
7.304500194
7.302878429
7.287138349
