7.293413731
7.319166984
7.312487288
7.277827497
7.281871020
7.268047935
7.279307047
7.290348532
7.304646536
7.287767747
7.289744455
7.280082935
7.303962305
7.272749694
7.259239125
7.268359981
7.301359938
7.319877159
7.288995366
7.287827528
7.293828665
7.283935305
7.294600882
7.265218180
7.294973668
7.280950892
7.305487385
7.289788034
7.302644256
7.273614136
7.289840147
7.285108325
7.274341224
7.289857088
7.312661060
7.278527040
7.294560293
7.303160163
7.284903834
7.281044769
7.307503193
7.289227088
7.264947998
7.282777377
7.301720343
7.301004018
7.274888823
7.292205764
7.283243518
7.288304989
7.276955782
7.291858268
7.340054609
7.301951195
7.304294614
7.271873493
7.294735570
7.280951298
7.285191646
7.287819880
7.280593295
7.271287986
7.315238021
7.280733567
7.288459483
7.282643502
7.289995973
7.253818589
7.292421034
7.262004753
7.300850429
7.305476133
7.280432598
7.277233269
7.267438929
7.309866208
7.305113028
7.286398293
7.303419438
7.257432760
7.260280302
7.273927208
7.305480941
7.264223795
7.286325128
7.292054845
7.307443796
7.275590988
7.244193055
7.279920538
7.290169368
7.294169828
7.266222030
7.298924230
7.282751522
7.295714074
7.256346109
7.259333393
7.292530213
7.285801730
