0.073610900
0.075462900
0.073548100
0.073565600
0.073659500
0.073767800
0.074646700
0.073302300
0.073375700
0.073260000
0.073388700
0.073433400
0.073342000
0.073297700
0.073261300
0.074927600
0.074500400
0.074503100
0.073572100
0.074707700
0.073683800
0.074551800
0.073453900
0.074121100
0.073581800
0.073304500
0.073327200
0.073735900
0.073304500
0.074529700
0.073292900
0.073372000
0.073440900
0.074402800
0.073932000
0.073707800
0.073317200
0.073325300
0.073202600
0.073404900
0.073376700
0.073231900
0.073613800
0.073655100
0.074203800
0.073909600
0.073576600
0.074954700
0.073810900
0.073269800
0.074528700
0.075261100
0.073232400
0.073352000
0.074104500
0.073537900
0.073540400
0.073569500
0.073569700
0.073584200
0.073765000
0.074946900
0.073369500
0.073333000
0.073394400
0.073479600
0.073186700
0.073553000
0.073643300
0.073659800
0.073392300
0.073246500
0.073313300
0.073358100
0.074432200
0.073613500
0.073569000
0.073491200
0.073595600
0.073632400
0.073578800
0.073504900
0.073396900
0.073450800
0.073384600
0.073457800
0.073571900
0.073397100
0.074708900
0.073342400
0.073371300
0.073121900
0.073002800
0.073312100
0.073460400
0.073502300
0.073406700
0.073323700
0.073424700
0.073461000
