0.000250600
0.000259900
0.000250600
0.000250500
0.000250500
0.000250600
0.000250500
0.000254200
0.000250500
0.000254300
0.000250500
0.000250500
0.000250500
0.000250500
0.000250600
0.000254200
0.000254000
0.000250500
0.000250500
0.000254200
0.000250500
0.000250500
0.000250500
0.000263700
0.000250600
0.000250500
0.000250500
0.000250500
0.000250600
0.000250600
0.000250500
0.000256900
0.000250500
0.000250500
0.000250500
0.000250500
0.000250600
0.000250500
0.000250500
0.000253000
0.000250500
0.000250500
0.000250500
0.000254200
0.000250600
0.000250500
0.000250500
0.000257000
0.000250600
0.000250600
0.000250500
0.000250500
0.000250500
0.000250600
0.000250600
0.000257400
0.000250600
0.000250500
0.000250500
0.000257200
0.000250500
0.000250500
0.000254500
0.000254200
0.000250500
0.000250500
0.000250600
0.000254200
0.000250500
0.000250500
0.000253700
0.000250900
0.000250600
0.000250500
0.000250500
0.000253900
0.000250500
0.000252400
0.000250600
0.000253900
0.000250500
0.000250500
0.000250600
0.000253900
0.000254000
0.000250600
0.000250600
0.000250500
0.000254200
0.000250600
0.000250600
0.000250500
0.000253300
0.000250600
0.000250500
0.000250800
0.000250500
0.000250500
0.000250600
0.000250600
