1.012093800
0.984156000
1.071140300
1.037367100
1.045765000
1.059253400
1.077537300
1.072249700
1.037557500
1.022264900
1.059773700
1.051319000
1.008250000
1.048675300
1.064124200
1.062723500
1.033765000
1.045970400
1.028996900
1.027927700
1.012333500
1.007624000
1.024007600
1.003465200
1.040336400
1.079679500
1.033522800
1.025288000
1.019397700
1.020445000
1.070568300
1.114207700
1.064392500
1.078913200
1.102872700
1.080591800
1.076177900
1.052671300
1.019978700
1.067148200
1.042556200
1.070606700
1.054625600
1.037575800
1.054981900
1.077024200
1.063572400
1.049501000
1.065530800
1.068893900
1.068973900
1.097489700
1.091613500
1.084847300
1.097506500
1.065567000
1.051406500
1.047446800
1.095261400
1.051850000
1.079494900
1.082314600
1.066772500
1.039700100
1.116437800
1.143873400
1.080136000
1.095486500
1.053840200
1.047897900
1.073568200
1.059130200
1.021347900
1.069667200
1.091956200
1.088184600
1.032889100
1.099194300
1.081922000
1.058444300
1.003962400
1.075529900
1.064301400
1.016593900
1.083310400
1.095624900
1.012263500
1.025220500
1.027930900
1.022907300
1.078454000
1.066512800
1.040702300
1.074559400
1.041413000
1.013788300
1.084351400
1.036311600
1.053537700
1.027076400
