0.733026700
0.727610500
0.722381400
0.702851100
0.712644100
0.706592700
0.725117400
0.722540100
0.709384200
0.680507100
0.699327800
0.685989000
0.716424100
0.687996100
0.697379700
0.696443000
0.703320700
0.710604700
0.704132500
0.698069100
0.710987400
0.705527400
0.720321100
0.709472700
0.700451800
0.712664200
0.717277300
0.709157600
0.719025300
0.701660200
0.698909100
0.727959100
0.702213000
0.699557300
0.718044200
0.702259500
0.709075300
0.703467800
0.707307800
0.718080100
0.699352500
0.708263900
0.700146800
0.696266600
0.697680100
0.690772000
0.683752000
0.673922600
0.687841800
0.674180500
0.682969400
0.689741500
0.700145100
0.701773700
0.707943900
0.714472400
0.722935200
0.706628200
0.702257100
0.706565500
0.704732100
0.712230100
0.722199800
0.712094000
0.704110100
0.719010700
0.709052800
0.721074800
0.713685500
0.700434100
0.691901200
0.699474000
0.709677200
0.698427600
0.732349100
0.687408900
0.686001300
0.691747500
0.680504700
0.705205800
0.686152400
0.685636200
0.680354300
0.717436000
0.681696100
0.690870500
0.717286900
0.707566000
0.709400500
0.706144000
0.709000900
0.722695800
0.719549600
0.712599700
0.713269000
0.708706600
0.705046900
0.719967000
0.709689700
0.708458700
