0.697220200
0.683287000
0.690808500
0.696684700
0.677910000
0.690939400
0.682465100
0.680083600
0.686036100
0.674107300
0.674536700
0.693087300
0.692249300
0.687912400
0.688298000
0.684515800
0.690132800
0.690964200
0.688813600
0.688001200
0.684834200
0.685087800
0.690397000
0.713459900
0.681560600
0.679507000
0.672599200
0.675277100
0.693460200
0.685764100
0.681410700
0.682245200
0.669339100
0.679158800
0.677404400
0.681647300
0.687078600
0.703994800
0.693401500
0.688900300
0.695497800
0.689254600
0.690761900
0.689187000
0.684117300
0.691542000
0.693393100
0.691253900
0.688454400
0.688477200
0.689277200
0.701301700
0.690188400
0.694210100
0.710226800
0.678409000
0.687179300
0.689229800
0.692360800
0.691485600
0.694066900
0.691142500
0.691909400
0.699550800
0.702046300
0.690592600
0.708883100
0.696739900
0.684475200
0.685941600
0.691505800
0.689347800
0.694688300
0.692836200
0.686846400
0.689015800
0.685413000
0.691894700
0.692861600
0.689542900
0.691695600
0.688978000
0.708951700
0.692329700
0.686949700
0.691677500
0.695141300
0.691273600
0.693956000
0.690370600
0.692782300
0.690063700
0.691706900
0.692294200
0.692998400
0.693232200
0.695270400
0.687586600
0.676028000
0.674173600
