0.035918400
0.035236900
0.035666200
0.034435000
0.035322600
0.035394900
0.035689100
0.034736900
0.035803800
0.035256900
0.035800600
0.034130200
0.034496700
0.035102000
0.035136300
0.035631100
0.035925900
0.035772900
0.034324500
0.035227400
0.034111600
0.033962400
0.034710800
0.034377700
0.034094100
0.034087800
0.034009500
0.034025600
0.033957900
0.034863500
0.034029900
0.034712400
0.034122400
0.034063200
0.034066500
0.034263800
0.034140000
0.034083700
0.036873700
0.034300900
0.034012600
0.034282300
0.035287100
0.035016700
0.034315100
0.034241900
0.036487800
0.034639700
0.034283700
0.034078700
0.035445600
0.034742600
0.034438800
0.034706400
0.034843400
0.034788500
0.033982000
0.034516400
0.034975100
0.035332600
0.035988700
0.034583200
0.034126700
0.034600800
0.035097700
0.034367200
0.035030000
0.035775100
0.034422400
0.034149200
0.034185400
0.034255900
0.034117400
0.037249200
0.034765600
0.033998100
0.034023700
0.035332700
0.034132200
0.034667100
0.034871800
0.034163300
0.034282500
0.034776200
0.034985900
0.034471900
0.034120600
0.033982200
0.035708700
0.034491600
0.035427600
0.035501200
0.033998300
0.034102400
0.034925100
0.034670200
0.034656100
0.037324700
0.034596300
0.034623700
