0.086176100
0.084359600
0.086257600
0.085293700
0.084018000
0.084600400
0.085208600
0.085510000
0.086567400
0.086236100
0.086854200
0.086006300
0.086279700
0.086240200
0.086601700
0.085775200
0.085642800
0.086312400
0.085768700
0.085703100
0.085738300
0.085932000
0.085946700
0.085771100
0.086407700
0.085988600
0.087349100
0.086382500
0.085892300
0.087424800
0.087812700
0.088111500
0.087481700
0.086752600
0.086425200
0.086317600
0.086043200
0.086259900
0.087110900
0.085886000
0.085486200
0.085351100
0.085656600
0.085746700
0.085743800
0.086174100
0.085794600
0.085697300
0.085559000
0.085268700
0.085544600
0.084572700
0.084703400
0.085970700
0.085496100
0.085556200
0.087045500
0.084064200
0.085483600
0.085758100
0.085629900
0.085655300
0.085725900
0.085388000
0.085685300
0.085552100
0.085983400
0.085737600
0.085999500
0.085693100
0.085852500
0.085582300
0.085677400
0.085885100
0.086255000
0.085562600
0.085647200
0.085765800
0.085746100
0.085421200
0.085433800
0.086478100
0.085538500
0.085487800
0.085302800
0.085592300
0.084589200
0.086227000
0.086715300
0.086740500
0.087240100
0.087244800
0.086645700
0.087053400
0.087134500
0.086723000
0.087008100
0.084626000
0.084747300
0.084549400
