0.034429000
0.033425500
0.033886300
0.033872200
0.033958100
0.033947100
0.033918000
0.033937900
0.033947800
0.033928900
0.033925100
0.033913600
0.033894800
0.033917300
0.034886300
0.033926200
0.033919400
0.033873100
0.033848300
0.033881600
0.033854200
0.033899600
0.033864900
0.033909400
0.033848100
0.033893900
0.034666100
0.033901400
0.033889800
0.033826900
0.033880200
0.035189900
0.033900000
0.034526400
0.033928100
0.033937800
0.034397500
0.033895400
0.033878100
0.033934500
0.033888600
0.033894000
0.033881100
0.033913000
0.033874100
0.033890700
0.033857000
0.033890500
0.033905300
0.033933700
0.033925800
0.033924200
0.033911100
0.033917500
0.034365900
0.033935600
0.035923300
0.033884700
0.033862100
0.033863000
0.033898700
0.033871200
0.033869400
0.033855800
0.033833200
0.033871300
0.033856500
0.033862800
0.033885800
0.033873200
0.033871200
0.033862300
0.033870300
0.033859600
0.033852300
0.033886800
0.033845700
0.033847700
0.033867700
0.033861900
0.034104500
0.033920300
0.033943400
0.033891400
0.033880000
0.033892500
0.034876600
0.033890300
0.035001600
0.033933400
0.034245000
0.033881500
0.033914200
0.033970400
0.034959000
0.033893000
0.033874000
0.033864300
0.033890800
0.033909900
