0.025233200
0.025138200
0.027235000
0.025150300
0.025233400
0.025180600
0.025155600
0.025159800
0.025134900
0.026108600
0.025184500
0.025220300
0.025186800
0.025669400
0.025793000
0.025164700
0.025150700
0.025179000
0.025132600
0.025173500
0.025156200
0.025125600
0.025177100
0.025137400
0.025158900
0.025985000
0.025168100
0.025143300
0.026035200
0.025141000
0.025147500
0.025156300
0.025159700
0.025148500
0.025131400
0.025139000
0.025150300
0.025142000
0.025123700
0.025152300
0.025136100
0.025198300
0.025138200
0.025148700
0.025163600
0.025204600
0.025147000
0.025159000
0.025129000
0.025124900
0.025150700
0.025131500
0.026023300
0.026061900
0.025181800
0.025168000
0.026211700
0.025185400
0.025180900
0.025142600
0.025792300
0.025200800
0.025176500
0.025145800
0.026347200
0.025165300
0.025172800
0.025900200
0.025175600
0.025165500
0.025150900
0.025131600
0.025136100
0.025145200
0.025147300
0.025139600
0.025149300
0.025157900
0.025157900
0.025160000
0.025331500
0.025362400
0.025168400
0.025146000
0.025124200
0.025133300
0.025147500
0.025162600
0.025156600
0.025149600
0.025169900
0.025150600
0.025331900
0.025132200
0.025147500
0.025148700
0.025147400
0.025169800
0.025138100
0.025159000
