7.556453000
7.455002600
7.505278500
7.490612200
7.725465700
7.612934400
7.533382500
7.842311700
7.559390400
7.496943900
7.479733300
7.972845600
7.752587300
7.849253700
7.636117400
7.804150500
7.612738000
7.540142000
7.852760100
7.626172700
7.496755100
7.777056500
7.583126400
7.981821000
7.573773800
7.990992100
7.616513400
7.511693800
7.495293000
7.715737400
7.581509000
7.572790200
8.031710900
7.608695000
7.496667500
7.486891800
7.520934200
7.849152700
7.573567600
7.516372000
7.559555100
7.940138200
7.596258800
7.817074400
7.675902500
7.764287300
7.589603800
7.994878600
7.770598400
7.559208700
7.938043300
7.900061200
7.568753700
7.804264800
7.629385800
7.601738900
7.971366300
7.597271700
7.713054800
7.578861900
7.602468700
7.502920800
7.495205900
7.504649000
7.492489800
7.495582300
7.508927100
7.487705500
7.475918700
7.486913600
7.492783900
7.488524900
7.482114800
7.850788100
7.483986800
7.470656300
7.478844600
7.475746100
10.911390900
11.543090700
22.954895200
11.627959000
9.075587900
7.633697800
7.798513500
7.650735600
20.346794800
8.612651700
8.259152000
7.661056800
7.672777800
12.374741700
7.762655000
7.845391500
7.955758600
8.783219500
8.756385700
7.694920700
7.668113500
7.753598500
