0.175005400
0.174367400
0.171970600
0.175334200
0.174900700
0.175347500
0.171940900
0.191882400
0.188304500
0.174879100
0.183677300
0.191024700
0.179988000
0.185198000
0.180750300
0.182016600
0.176851700
0.168942300
0.173606400
0.172522800
0.169353300
0.174826500
0.174412800
0.168866500
0.170868300
0.166174700
0.157544700
0.142916800
0.133840200
0.131518700
0.125707500
0.116985000
0.109491300
0.104731500
0.104327300
0.101972800
0.104049400
0.104469200
0.105327000
0.102678000
0.105791900
0.101465500
0.103186000
0.105307400
0.107469400
0.104948600
0.106970900
0.104847100
0.103936800
0.102917300
0.106770300
0.104750000
0.105437800
0.102515100
0.102268500
0.105429300
0.103245900
0.105929600
0.103007900
0.103845500
0.104409800
0.103924700
0.101595600
0.106483900
0.103177600
0.105444000
0.108136100
0.106799900
0.104457000
0.102904800
0.106192600
0.104853600
0.102070500
0.103851000
0.104942100
0.101386000
0.109122400
0.107960800
0.105143200
0.103508000
0.105862200
0.106669300
0.106144800
0.105778200
0.113260900
0.103734700
0.103782100
0.104268800
0.102013800
0.105154700
0.109756500
0.107772600
0.105330100
0.101547800
0.102776800
0.104833400
0.104841000
0.104864200
0.103685200
0.102580500
