0.056835800
0.056524300
0.056443200
0.056317700
0.056298400
0.056219200
0.058345000
0.059185000
0.059318700
0.059471400
0.056314500
0.056604600
0.056715000
0.056660400
0.057889000
0.058784100
0.057771200
0.056938600
0.057052800
0.056690600
0.056722300
0.056925800
0.057252000
0.057318000
0.056591600
0.056243500
0.056132800
0.056170500
0.056157700
0.056139700
0.056138700
0.056161100
0.057619000
0.058433500
0.058994600
0.056985800
0.057035800
0.056736600
0.056773500
0.056801600
0.056673600
0.056655300
0.056352500
0.056219600
0.056207100
0.056419300
0.056554500
0.056818300
0.056691000
0.056400600
0.056712800
0.057107600
0.061021700
0.058819600
0.059929900
0.060706600
0.060820600
0.060829000
0.060778400
0.060679100
0.060751900
0.060341400
0.060730500
0.060289000
0.060433400
0.060394500
0.060717400
0.060200300
0.060769000
0.059949400
0.060113000
0.058767900
0.056810700
0.056720600
0.056680200
0.057426600
0.056719400
0.056429400
0.056491700
0.056292400
0.057409800
0.059019200
0.058967500
0.058850700
0.059375900
0.058952700
0.058814100
0.059899900
0.058866800
0.058605700
0.058010300
0.058650400
0.058999300
0.059246100
0.058778500
0.057699800
0.058442200
0.056743400
0.057208200
0.058413800
