0.064840500
0.065191800
0.064857500
0.064239900
0.064928100
0.066776700
0.065099000
0.065531300
0.065478900
0.065489600
0.067032700
0.065915200
0.065330800
0.066704600
0.066802600
0.066844800
0.066867900
0.066812400
0.066890800
0.066855000
0.066854700
0.066817200
0.066865300
0.066848100
0.066840300
0.066956000
0.067072300
0.065033600
0.065085000
0.063918500
0.063913100
0.063910500
0.064251300
0.066208800
0.066187500
0.066207600
0.065916800
0.065169300
0.065196000
0.065194000
0.064717200
0.066283200
0.065349400
0.065377000
0.064871400
0.064700600
0.065800200
0.065524000
0.065735800
0.066585800
0.065406500
0.065867600
0.065213800
0.065483500
0.066967400
0.066603200
0.066689200
0.068098100
0.066908000
0.066961800
0.066917000
0.065560600
0.066989300
0.066467200
0.066157200
0.065407000
0.063604100
0.065060000
0.065045200
0.065101600
0.065099600
0.065404900
0.066009700
0.065054500
0.065013400
0.065002800
0.064960000
0.065062700
0.065053400
0.067378100
0.066566100
0.067010200
0.065517400
0.066915800
0.065538000
0.066350300
0.066633000
0.067367100
0.067017200
0.067042000
0.065608700
0.065317900
0.066339800
0.067149400
0.066459300
0.065086800
0.065779500
0.066148200
0.064779400
0.065019400
