0.113328400
0.113138000
0.112607200
0.111543800
0.110790700
0.110835200
0.111511700
0.111045300
0.107506100
0.109188400
0.110773500
0.108253900
0.109272300
0.109449900
0.111216400
0.113865500
0.108154600
0.108226300
0.109260500
0.109119600
0.109120700
0.111493300
0.108689900
0.110653600
0.110723600
0.109552200
0.108485100
0.108424500
0.108452700
0.108572100
0.108894800
0.107071400
0.110398700
0.109258000
0.109145100
0.110644100
0.109162200
0.108413500
0.108331100
0.108260100
0.111956400
0.110536100
0.110638100
0.108288700
0.108694800
0.108437100
0.108730300
0.108354100
0.109657200
0.114337700
0.111476100
0.107037900
0.107745800
0.108539600
0.108343200
0.108242000
0.108283900
0.108248300
0.109194800
0.107331100
0.110434200
0.110519300
0.110671800
0.110612400
0.110647300
0.110618000
0.110640100
0.111770100
0.108536400
0.108302900
0.108404700
0.108604900
0.108358400
0.108422900
0.108593500
0.109326400
0.110413600
0.111831900
0.110046900
0.110129600
0.109190700
0.110064600
0.109841600
0.109812800
0.110428000
0.110768100
0.111230500
0.108461900
0.108837800
0.107674800
0.109801300
0.110998900
0.110864400
0.110893300
0.110737000
0.111594400
0.111309300
0.111747500
0.112591800
0.114410200
