0.036099700
0.036030700
0.035217500
0.036208300
0.035247600
0.035873000
0.035318100
0.035159900
0.035218000
0.035189800
0.035304700
0.035253500
0.035203700
0.035668300
0.035272900
0.035308200
0.035161600
0.035303400
0.035528600
0.035227900
0.035288500
0.035286900
0.035294100
0.035282900
0.035552300
0.035291000
0.035269100
0.035266200
0.035208700
0.035239000
0.035727200
0.036262700
0.035271900
0.035205900
0.036675100
0.035344500
0.035230900
0.035232100
0.035284600
0.035192200
0.035258000
0.035282800
0.035244200
0.035314700
0.035277800
0.035243600
0.035214400
0.035238000
0.035703400
0.035198400
0.035173200
0.035280300
0.035259800
0.035238900
0.035289700
0.035215900
0.035207900
0.036025300
0.035273400
0.035190500
0.036372900
0.035233300
0.035263500
0.035282500
0.035257400
0.035217500
0.035149100
0.035176300
0.036164700
0.035274800
0.035650800
0.035270000
0.035253300
0.035198600
0.035185900
0.035206000
0.035200600
0.035319400
0.035148800
0.035237300
0.035318500
0.035259800
0.035662400
0.035275300
0.035251200
0.035201600
0.035240200
0.035225000
0.036036800
0.035228300
0.035284300
0.035335600
0.035266400
0.035251900
0.035223000
0.035268700
0.035233900
0.035199400
0.035606300
0.035214900
