0.037926200
0.035813300
0.035941500
0.035767400
0.035729900
0.036558100
0.035747000
0.035720300
0.035805900
0.035705500
0.035780300
0.035693800
0.035731800
0.035750200
0.035811200
0.035789300
0.035710000
0.035750500
0.035730000
0.035845400
0.035820300
0.035772100
0.035758300
0.035890700
0.036242000
0.035836700
0.035764400
0.035744900
0.035752800
0.035776200
0.036170700
0.037042000
0.037177100
0.035769700
0.036819700
0.035849400
0.035658700
0.035957400
0.035780700
0.035711300
0.035789400
0.035721000
0.035702600
0.035775300
0.035839100
0.035709000
0.035744700
0.035780600
0.036573100
0.035715700
0.035779000
0.035802900
0.035770300
0.035749400
0.035787800
0.035754900
0.035691900
0.035709400
0.035780500
0.035749700
0.035710700
0.035716900
0.036530600
0.035891000
0.036260100
0.035743300
0.035775900
0.035744200
0.035741800
0.035847400
0.035759200
0.035771600
0.035733800
0.035757000
0.035709700
0.035777500
0.035883400
0.035774700
0.035834100
0.035765800
0.035787800
0.036294000
0.035753300
0.035724700
0.035742300
0.035703900
0.037218800
0.035772100
0.035717700
0.035724300
0.036627900
0.035754400
0.035705200
0.035679300
0.035685800
0.035821300
0.035789500
0.035745000
0.035728000
0.035663400
