0.068287600
0.068101800
0.070295600
0.068291600
0.068953700
0.069623800
0.069190900
0.069583200
0.068857000
0.068450500
0.070410700
0.068767400
0.072313100
0.073432600
0.068977500
0.068568000
0.068208400
0.068217000
0.068942900
0.068301200
0.069561200
0.069287500
0.072094200
0.072202400
0.071879000
0.068493900
0.070433700
0.073888100
0.075090000
0.075218500
0.068896400
0.070819100
0.069731000
0.069117200
0.070180400
0.069640000
0.071630700
0.069836700
0.068481700
0.115847800
0.113021900
0.228863300
0.143952300
0.076665500
0.145320100
0.106205400
0.074135600
0.073081800
0.068605800
0.071061400
0.070291600
0.069241500
0.070984700
0.070490500
0.070055300
0.069964500
0.070544200
0.071042300
0.070174700
0.071646100
0.070276600
0.070057300
0.071475200
0.070462300
0.069753200
0.068258400
0.076065200
0.069418500
0.068421400
0.068978700
0.070234200
0.075187500
0.099365900
0.077753600
0.071439300
0.074183200
0.069931800
0.068978700
0.069026100
0.070037100
0.071368700
0.071784200
0.074355400
0.071810500
0.076067900
0.110670600
0.069842100
0.070673900
0.071928600
0.070104800
0.073283500
0.069548400
0.070589300
0.069569800
0.069549800
0.069388000
0.068529300
0.069487200
0.069798100
0.077050500
