0.087581200
0.088623500
0.086001100
0.086059400
0.085975400
0.085978300
0.085945100
0.086003000
0.085918100
0.086132000
0.085991300
0.086967000
0.086098500
0.086026400
0.086057400
0.086054400
0.086013100
0.086001500
0.086023200
0.086017000
0.086251400
0.087680600
0.086866000
0.086095200
0.086039900
0.086144700
0.089465800
0.086042600
0.085986400
0.086048400
0.086021900
0.086654200
0.086370600
0.088549200
0.087833600
0.087535700
0.088245900
0.086096200
0.086027600
0.086019800
0.086076200
0.086634200
0.086611400
0.086651000
0.086422200
0.086041900
0.087013100
0.086289000
0.086257300
0.087634400
0.086890300
0.086350500
0.086277800
0.086354200
0.086373400
0.086280200
0.087132300
0.087192900
0.086032600
0.086052700
0.086029500
0.085978600
0.086067500
0.085989500
0.086017600
0.086077200
0.086006900
0.086593500
0.087248700
0.087094100
0.086032300
0.085988300
0.085998200
0.086023500
0.086032400
0.086007500
0.085981600
0.085903500
0.086005800
0.086737500
0.087120000
0.087066600
0.086047200
0.086068500
0.086043500
0.086011500
0.086033100
0.086018600
0.086051200
0.086034400
0.086041800
0.086309100
0.086014200
0.087014700
0.086131700
0.086001800
0.088290500
0.087145800
0.086437100
0.086447700
