0.082430500
0.080510500
0.080327700
0.095746400
0.085795600
0.084922500
0.079454200
0.076306600
0.076425800
0.071150700
0.077874300
0.077221600
0.076302200
0.077206600
0.071691300
0.072419700
0.073362300
0.079975200
0.087629000
0.109455100
0.080112900
0.077635000
0.087389400
0.082077900
0.073651400
0.075909400
0.082498300
0.083413500
0.082095000
0.077060300
0.105814600
0.096009500
0.089794100
0.081382000
0.078704500
0.084105900
0.079747100
0.077094800
0.076152600
0.085107900
0.079364400
0.074705900
0.109818400
0.097942700
0.089331500
0.170872500
0.135465900
0.149633000
0.174992300
0.153456300
0.109331800
0.085491300
0.088494400
0.223377000
0.095908900
0.096814600
0.083386000
0.139325200
0.140758000
0.088851900
0.162261500
0.200483700
0.167399200
0.094959900
0.172519100
0.159673900
0.097274600
0.090710300
0.102376500
0.097872600
0.084014400
0.113884400
0.109955900
0.130415300
0.142748900
0.153406700
0.165742900
0.206124700
0.092933300
0.088156300
0.072333600
0.079131700
0.073032300
0.069481500
0.068752600
0.071384900
0.071370700
0.075565900
0.080676000
0.120851800
0.268094400
0.236952900
0.088055700
0.080741200
0.076643000
0.078574500
0.190849300
0.139674100
0.101662200
0.134718200
