0.072367469
0.072650141
0.072382728
0.074082373
0.075669857
0.073255963
0.073486871
0.072780349
0.072707379
0.071825028
0.074386657
0.074093524
0.071836008
0.073632398
0.072957256
0.074863417
0.072319693
0.071328673
0.072445121
0.073041005
0.073932433
0.075566561
0.072691489
0.072739352
0.071527957
0.072380845
0.070422446
0.073281851
0.074010202
0.072424241
0.071061196
0.072378930
0.073669743
0.072403122
0.073598658
0.070946469
0.071763745
0.072956008
0.073578731
0.072635508
0.071410756
0.072008896
0.073542954
0.072713451
0.072311933
0.074002337
0.072115559
0.071631831
0.071537641
0.073708107
0.073368371
0.072517783
0.072666167
0.072163461
0.070364021
0.070699669
0.073989260
0.072060010
0.073154084
0.072873460
0.073908458
0.073051733
0.072359053
0.072138243
0.073252526
0.074902257
0.074017354
0.071386364
0.070484128
0.072197476
0.071949194
0.071729360
0.072194125
0.072762945
0.073071117
0.071434274
0.072575994
0.074215131
0.072410801
0.074389367
0.072792727
0.072486905
0.071707741
0.071959788
0.074101144
0.072832727
0.072768570
0.072944707
0.073586896
0.072265286
0.073277127
0.073985324
0.072204269
0.073809800
0.072467149
0.072834712
0.072923866
0.073562446
0.072674732
0.072230033
