0.072802615
0.073156760
0.073235147
0.072932066
0.073602471
0.076671275
0.074458167
0.074297522
0.073405572
0.072062334
0.072273445
0.072607394
0.072655637
0.076143060
0.076099918
0.074321938
0.072751204
0.074597026
0.072756277
0.073137035
0.072897041
0.073192647
0.072966297
0.072119191
0.073373536
0.074512957
0.072657229
0.071581510
0.073067139
0.072783905
0.072352650
0.070368919
0.072900712
0.072677699
0.073606008
0.072796003
0.073322012
0.072899525
0.074215792
0.073639676
0.071882316
0.072988966
0.073972449
0.070735777
0.072338794
0.071899780
0.072483904
0.073760796
0.070155894
0.075555539
0.072531531
0.070918293
0.075244346
0.073382447
0.072404188
0.071882813
0.072671807
0.071955585
0.073657751
0.073880194
0.073591354
0.074202553
0.070886763
0.073208627
0.073085974
0.071997264
0.073115179
0.072737833
0.071908445
0.070967542
0.072560395
0.072814387
0.071783978
0.072373595
0.072525689
0.073179849
0.070587680
0.073222163
0.072555475
0.073201427
0.074158632
0.072896124
0.072170104
0.074640053
0.072261326
0.072126390
0.072540912
0.071577547
0.074259275
0.074033660
0.069493235
0.072736389
0.070702533
0.072202901
0.071142521
0.074011553
0.074382718
0.071633052
0.073782438
0.074527584
