0.074081777
0.074863924
0.072368124
0.071757027
0.075759761
0.075321703
0.072776526
0.073115747
0.070314636
0.069018733
0.070970914
0.072246178
0.073210666
0.073008607
0.073798589
0.073060515
0.074869029
0.072743013
0.072990514
0.072668065
0.074109204
0.074090034
0.073362229
0.072635523
0.073923457
0.072511862
0.072302625
0.072751139
0.072217232
0.072880002
0.071114768
0.072304042
0.073417569
0.073116598
0.073283259
0.074142523
0.074367690
0.073357195
0.074015382
0.072916753
0.071986730
0.074535650
0.075079062
0.072827353
0.073005051
0.073187773
0.074703809
0.073798339
0.073933234
0.072125533
0.071817915
0.072222964
0.073826501
0.073515080
0.075171348
0.076428437
0.074648155
0.073088634
0.071703200
0.072780214
0.071903796
0.072367924
0.073383426
0.076742084
0.072647300
0.072864774
0.073107815
0.073178309
0.073367731
0.075323417
0.074667119
0.074198806
0.073579832
0.074065636
0.072046730
0.074838095
0.073150847
0.072780996
0.073338428
0.073672929
0.073629818
0.077017908
0.073177785
0.074779939
0.073628114
0.072990418
0.074474784
0.073590137
0.073446375
0.074407135
0.072854463
0.071745296
0.074934328
0.074043950
0.073845278
0.074304695
0.072059452
0.073622094
0.076025261
0.072551438
