0.064625800
0.061512600
0.066410100
0.061313600
0.065750900
0.066429600
0.068322700
0.066818400
0.064288300
0.062368100
0.065500800
0.061552900
0.068980100
0.065092800
0.068258000
0.067558800
0.061956700
0.062571900
0.066304100
0.064131300
0.061301700
0.061242000
0.064740600
0.068323400
0.069656800
0.064225000
0.063078600
0.067489400
0.068462400
0.067233600
0.068203300
0.068692800
0.063900900
0.067546800
0.066883900
0.066662000
0.065505200
0.067073700
0.070763000
0.068198200
0.070996900
0.070785300
0.069880100
0.060953500
0.064147300
0.068391200
0.068645500
0.068732900
0.067993800
0.068383200
0.067190900
0.064902900
0.064744000
0.063493900
0.064831800
0.067889300
0.066979700
0.061453700
0.066578100
0.068491000
0.068298300
0.068386200
0.068390900
0.068271400
0.066527200
0.069448200
0.069331000
0.069952600
0.066851800
0.066272700
0.066770900
0.068672200
0.068637000
0.068429100
0.068265400
0.065393800
0.067963200
0.066767900
0.066253700
0.068481600
0.068751800
0.068435200
0.068262900
0.067919300
0.066819600
0.068785500
0.068800000
0.068457400
0.061569400
0.060353100
0.068213400
0.068389800
0.067177300
0.065316700
0.063890000
0.065147500
0.064409500
0.065962600
0.069360100
0.064461200
