0.062687800
0.062427300
0.060627500
0.061511100
0.062195100
0.062048600
0.062046300
0.062024900
0.059737300
0.056881300
0.056819000
0.057503300
0.057251800
0.057181600
0.060001700
0.061794500
0.061008200
0.061345400
0.062367000
0.061670600
0.063543100
0.062785200
0.059972200
0.056519400
0.057013100
0.056726700
0.057122700
0.057125900
0.057093300
0.057833400
0.056737900
0.057510500
0.056756700
0.057398000
0.057728400
0.056981600
0.056740900
0.057304300
0.057205200
0.056950100
0.056242200
0.056870700
0.057035200
0.056902200
0.057796100
0.056759700
0.056306100
0.056726900
0.059921400
0.057587200
0.057464500
0.057566000
0.056542300
0.057423900
0.056588500
0.057555800
0.056532000
0.057750600
0.057477200
0.057902300
0.058169800
0.057232200
0.056765300
0.057019600
0.057715600
0.057072300
0.060265500
0.060149700
0.062087500
0.062550600
0.062361800
0.062428000
0.062364800
0.062795200
0.062822600
0.062215900
0.062438800
0.061654200
0.061417200
0.062400300
0.062257200
0.062315800
0.062480000
0.060782200
0.060947400
0.061641900
0.061804200
0.062279300
0.062750000
0.062736500
0.062388300
0.062467900
0.062544200
0.062391800
0.062621800
0.062871100
0.063342800
0.062817500
0.062916700
0.061763200
