0.074284500
0.073308600
0.072858700
0.073787200
0.073901600
0.073214700
0.073053800
0.072152600
0.071541500
0.071868500
0.072453200
0.073048600
0.071501700
0.072178900
0.073188100
0.073300700
0.072261100
0.072619700
0.073349600
0.073344100
0.073259700
0.072129100
0.071561800
0.071515300
0.071519100
0.071547100
0.071593900
0.071517400
0.071656600
0.071674700
0.071992100
0.073172000
0.071488500
0.071505600
0.071532800
0.073827400
0.071484300
0.072341900
0.071727000
0.072240500
0.071593100
0.071584300
0.071492400
0.071584800
0.074810600
0.071576300
0.075290500
0.073244500
0.073221400
0.073088700
0.072607600
0.073431500
0.073332900
0.072453600
0.072497100
0.072425200
0.072305000
0.072678400
0.072345700
0.073135900
0.073819300
0.072059900
0.073138600
0.073292700
0.076197100
0.072283000
0.072512300
0.071557900
0.071449900
0.071528900
0.071532600
0.073068800
0.074023400
0.074012200
0.078414200
0.074237900
0.073122000
0.071538500
0.072622000
0.073522300
0.071916300
0.071534700
0.072311200
0.071571000
0.071568300
0.071580400
0.071627500
0.072082900
0.073799900
0.072438500
0.072536500
0.072274000
0.071588900
0.071494900
0.072690700
0.071482000
0.071562200
0.071517100
0.071512400
0.071819000
