0.205214048
0.203889410
0.203134044
0.203352034
0.207307708
0.204197745
0.202956036
0.203230677
0.203304479
0.204856178
0.205778822
0.204447441
0.203457008
0.203890091
0.203350546
0.210337427
0.203040797
0.203025295
0.203106087
0.203071691
0.203930843
0.204402321
0.204951544
0.204000782
0.203362464
0.203939190
0.203391639
0.204577539
0.203747134
0.203262705
0.205112550
0.204149750
0.203649190
0.203820725
0.203815114
0.204149160
0.203430011
0.204031927
0.203978896
0.205511093
0.204438949
0.203355797
0.203712879
0.203394044
0.203796879
0.206363098
0.203684791
0.203234220
0.204299049
0.203825424
0.204058337
0.205041065
0.203360971
0.203511918
0.204577224
0.204415435
0.203007374
0.203641837
0.203350731
0.203401377
0.204362136
0.203722138
0.203238108
0.204154855
0.204943236
0.205583916
0.203389790
0.203335974
0.203084496
0.203078264
0.204748925
0.203123330
0.203616107
0.203699856
0.203801710
0.204522028
0.203157795
0.203766693
0.203315835
0.203255561
0.204079913
0.205183000
0.203022038
0.203282973
0.203423220
0.205116980
0.203015766
0.202909223
0.202842547
0.205149736
0.206028167
0.203314703
0.203576000
0.203857716
0.204062285
0.204045663
0.204809686
0.203353436
0.203179735
0.203477131
