0.271839347
0.270383120
0.281475848
0.274613434
0.271139963
0.270502496
0.271985554
0.272237392
0.271011210
0.270172895
0.270211797
0.270095347
0.273052339
0.270217988
0.270198492
0.271164285
0.271388665
0.270145994
0.270572365
0.271356464
0.270302800
0.270204504
0.270165711
0.272524700
0.270564456
0.270495073
0.272967813
0.271547354
0.270319542
0.270587366
0.271198754
0.272209235
0.271080541
0.270993609
0.272376323
0.270337757
0.270237157
0.270187237
0.271160423
0.271467071
0.270579072
0.272056611
0.270624808
0.270507257
0.271300148
0.272042184
0.270634529
0.271100429
0.270632455
0.272660317
0.271574824
0.270684081
0.271110179
0.273860700
0.270275969
0.271828213
0.271968409
0.271852408
0.278300467
0.270308240
0.271548900
0.270238778
0.271413489
0.271009327
0.271749188
0.272354562
0.270376426
0.270448174
0.272381423
0.270625188
0.271113113
0.271516809
0.270218542
0.270297351
0.270073886
0.271725727
0.271030905
0.270676582
0.270491218
0.272260593
0.270568737
0.271096150
0.271381111
0.270338269
0.271232700
0.271227588
0.271437119
0.270244019
0.270353619
0.270197481
0.273108035
0.270662866
0.271027319
0.270631898
0.272501279
0.271128663
0.270579007
0.272067788
0.271759281
0.270917732
