0.205738626
0.204496643
0.204462009
0.204776405
0.206975727
0.205335016
0.204442111
0.204361295
0.205846610
0.204567969
0.205564808
0.205179053
0.204798780
0.206594812
0.205112255
0.205672481
0.205308960
0.205393940
0.204985474
0.204758735
0.206722955
0.209539397
0.205088290
0.205224288
0.204714389
0.205991954
0.205426327
0.204757471
0.205634388
0.204646688
0.206478416
0.205353373
0.205346939
0.205621466
0.204587867
0.205520740
0.204379521
0.205322970
0.205283069
0.204740006
0.206347978
0.204560666
0.204530638
0.204560686
0.204582398
0.206508436
0.205565702
0.204539105
0.204507544
0.205399424
0.204506014
0.205437524
0.204715862
0.205064356
0.205723342
0.204567971
0.204662330
0.204557102
0.205154421
0.206349107
0.204640620
0.205318559
0.204698560
0.204693370
0.206105714
0.204902599
0.204698660
0.205812743
0.204904922
0.205715804
0.205740505
0.204676768
0.205312425
0.204530482
0.205631683
0.204527014
0.204651750
0.204409091
0.204464896
0.205789338
0.204481848
0.205128713
0.204546732
0.204464986
0.205279554
0.204645400
0.204868724
0.204577029
0.206051834
0.207491305
0.204485107
0.204617628
0.204492080
0.204389336
0.218081645
0.204367993
0.204547996
0.204381170
0.205965149
0.205577602
