0.804033700
0.756410500
0.750796600
0.758405200
0.753699300
0.749382300
0.760521100
0.751041700
0.760538700
0.755088600
0.756681800
0.750320200
0.760968500
0.750635900
0.748760000
0.753519100
0.746710000
0.746504900
0.754435700
0.757723700
0.750196500
0.745802600
0.749956200
0.746933900
0.750902900
0.747813900
0.751579600
0.747792400
0.749258000
0.747200000
0.744978900
0.749854200
0.748703200
0.748995400
0.750104200
0.746295100
0.747429000
0.746231900
0.751701800
0.750597000
0.746018900
0.747703700
0.748705400
0.749469400
0.750695300
0.749777100
0.748995800
0.750493200
0.748336500
0.769491000
0.755775100
0.780696300
0.852020700
0.758603600
0.760678400
0.768019900
0.779806800
0.753265700
0.749321700
0.751049600
0.755802900
0.752207000
0.771636900
0.776644500
0.771859400
0.749761600
0.748045200
0.760023200
0.793387000
0.760758500
0.757532100
0.769939600
0.997161100
0.766632000
0.772250000
0.795700900
0.753315800
0.760882600
0.799845100
0.757906300
0.763927300
0.757675900
0.760302900
0.771167800
0.760044300
0.769121800
0.790258700
0.790876100
0.765265800
0.762868600
0.761054800
0.764775500
0.758062800
0.807115000
0.761348500
0.750663700
0.750867800
0.752743300
1.068536900
0.759386800
