0.002520300
0.002635100
0.002516800
0.002522600
0.002515000
0.002529900
0.002512900
0.002515600
0.002515700
0.002515200
0.002517300
0.002510200
0.002516300
0.002510900
0.002509100
0.002511400
0.002519200
0.002514800
0.002525800
0.002514300
0.002512500
0.002514700
0.002517300
0.002514100
0.002512800
0.002511300
0.002515100
0.002513600
0.002514900
0.002516600
0.002511200
0.002515200
0.002513400
0.002514300
0.002514900
0.002526200
0.002518900
0.002515800
0.002515900
0.002514200
0.002517600
0.002515600
0.002524900
0.002515600
0.002518600
0.002514100
0.002511300
0.002532800
0.002511700
0.002511900
0.002515200
0.002538300
0.002519600
0.002530800
0.002523000
0.002523600
0.002514700
0.002521500
0.002516300
0.002522100
0.002515300
0.002517500
0.002515700
0.002845200
0.002516700
0.002523700
0.002516800
0.002512900
0.002522200
0.003579700
0.002519500
0.002516400
0.002519900
0.002507600
0.002518400
0.002709600
0.003146000
0.002834200
0.002518200
0.002514700
0.002517600
0.002509800
0.002527100
0.002507900
0.002508300
0.002514600
0.002517200
0.002510900
0.002520700
0.002509700
0.002508000
0.002508500
0.002508600
0.002512500
0.002518200
0.002513900
0.002516000
0.002532900
0.002511300
0.002515300
