0.035892000
0.035240500
0.035672900
0.035679900
0.036132200
0.035832300
0.035951700
0.036155300
0.035704000
0.035878900
0.035976900
0.037040300
0.035931700
0.035869400
0.036901600
0.036612800
0.035661800
0.035688000
0.035681400
0.035695600
0.035675800
0.035637600
0.035687300
0.035859500
0.036553600
0.035940300
0.038942000
0.036345300
0.035701300
0.035612600
0.035946400
0.036664600
0.035697500
0.035832000
0.035925700
0.035692900
0.035745500
0.035935800
0.035884800
0.035637100
0.035770200
0.035958900
0.036458500
0.036335100
0.035652300
0.035641400
0.035662700
0.035686900
0.039260100
0.035657400
0.035654000
0.036048000
0.035826200
0.035733800
0.036062000
0.036049700
0.035622900
0.035634300
0.035632800
0.035767000
0.036785500
0.035918000
0.035901300
0.035712100
0.035707200
0.036250600
0.035649900
0.036002700
0.035654500
0.035678800
0.036509600
0.036293000
0.035694400
0.035672200
0.035634000
0.035901300
0.035662800
0.035883300
0.036229800
0.035945300
0.035696200
0.036138300
0.035643300
0.036039200
0.035619600
0.035609700
0.035635100
0.035645900
0.036046700
0.035861000
0.035670700
0.035627000
0.036640900
0.037221300
0.035884100
0.036027100
0.036325200
0.035657400
0.036263400
0.036453200
