0.035001800
0.034991100
0.038476300
0.035422700
0.034461300
0.034102400
0.034091400
0.033927800
0.034050100
0.034163800
0.034120700
0.034425000
0.033981700
0.034064300
0.033956700
0.034076900
0.033960300
0.034948300
0.034410100
0.033967600
0.034084700
0.033969400
0.034130800
0.033849400
0.034079600
0.033921400
0.034072900
0.034152100
0.033900400
0.034939900
0.034205800
0.034418700
0.034740800
0.034577000
0.034002200
0.034242000
0.034128400
0.034080900
0.034177600
0.034037100
0.034058300
0.034215700
0.034098400
0.034126300
0.034121200
0.034112600
0.034176600
0.035094600
0.034266100
0.034160600
0.034239100
0.034631300
0.034119900
0.034164900
0.034050300
0.034123900
0.034049000
0.034115300
0.034119500
0.034024300
0.033872200
0.034061700
0.034125300
0.033975400
0.034130100
0.034163200
0.034247300
0.034090000
0.034817300
0.034181200
0.033976300
0.034009400
0.034216900
0.034084300
0.034058700
0.034147500
0.035302600
0.034430900
0.033958100
0.033953300
0.033974100
0.034009600
0.034133300
0.034204300
0.034105000
0.034076600
0.034013300
0.033913100
0.034127700
0.034125500
0.034066500
0.033971200
0.034011600
0.033963700
0.033876500
0.033899500
0.034141200
0.034043600
0.034334400
0.033969700
