0.035217300
0.034419600
0.035316000
0.034081600
0.034495800
0.034597600
0.036206600
0.034270500
0.034128900
0.034145000
0.034073900
0.034004700
0.034318900
0.033984100
0.034167400
0.036471100
0.034827300
0.034191600
0.035242400
0.033924000
0.033780300
0.033997000
0.034027200
0.034406500
0.034314900
0.034147100
0.034041600
0.034260000
0.034152500
0.034223800
0.034131400
0.033895100
0.034115400
0.033967400
0.033965200
0.034339600
0.034199000
0.034101500
0.034036900
0.034370300
0.034061200
0.034013500
0.034108200
0.034218000
0.034951800
0.036525100
0.034435300
0.034465900
0.034309700
0.035301500
0.034298700
0.034084900
0.035411700
0.034320500
0.034100700
0.034149600
0.034021600
0.034117000
0.034190100
0.033993900
0.034435700
0.034339500
0.033930700
0.034154200
0.035144900
0.034364100
0.034145100
0.033994800
0.034214900
0.034081200
0.034480500
0.033953600
0.034132400
0.034119400
0.034704200
0.034064200
0.034107600
0.034749200
0.034644800
0.033835600
0.034160000
0.033999600
0.034150700
0.034128400
0.034083900
0.034209200
0.034306900
0.034157100
0.033849400
0.034253300
0.034200600
0.034048500
0.033927600
0.034154900
0.034162300
0.034411800
0.034420900
0.034121300
0.034078300
0.034205000
