6.435222300
6.411185600
6.416525600
6.355179800
6.384452400
6.361382400
6.357392300
6.362249400
6.415276700
6.396032200
6.436975300
6.409650900
6.415242600
6.349097000
6.454191400
6.440472000
6.412560400
6.355588500
6.407394800
6.500025600
6.389131900
6.445234900
6.451602300
6.476437900
6.489636700
6.428076200
6.403416500
6.431269700
6.439114300
6.384564600
6.476733400
6.431753800
6.424919200
6.427302900
6.473170000
6.352728600
6.455540100
6.407351500
6.402699700
6.374632400
6.380021100
6.468540000
6.476130300
6.477543800
6.470692900
6.385617500
6.450932400
6.389181000
6.437605600
6.438028300
6.445187200
6.414305700
6.443742500
6.404290800
6.429914800
6.452887900
6.411615300
6.401509500
6.404288300
6.454054700
6.509683200
6.373674700
6.418341000
6.430532600
6.414309500
6.381815500
6.428026200
6.411246300
6.364420200
6.412503000
6.436155100
6.530300800
6.456328100
6.455460700
6.411212300
6.376586900
6.418419900
6.399755700
6.368468500
6.373551000
6.438165500
6.425054400
6.453852000
6.387092800
6.386898800
6.405643300
6.426599400
6.363823300
6.456244300
6.385070100
6.376922800
6.372567100
6.381434900
6.366875100
6.312478400
6.364224700
6.488522100
6.352572800
6.424180400
6.450536500
