6.117675300
6.191407200
6.176782200
6.176402400
6.199665700
6.232795800
6.196572600
6.197162600
6.121587600
6.167183600
6.181714500
6.168920200
6.191175200
6.170724900
6.260293600
6.190488000
6.239967700
6.209773400
6.237182800
6.233646400
6.217845700
6.138428100
6.239139500
6.198906500
6.235157600
6.152454800
6.222373200
6.197611900
6.232400100
6.190246400
6.185979600
6.203947600
6.177081600
6.272590400
6.186280000
6.294170700
6.229757300
6.179255000
6.201631600
6.203978600
6.209827200
6.194139700
6.175203500
6.178578900
6.153795600
6.155567300
6.258074500
6.138978300
6.156645600
6.136085400
6.133566700
6.188888200
6.258961100
6.284145700
6.185753100
6.258943700
6.232716400
6.228686300
6.179144100
6.292772700
6.279205300
6.208160600
6.224495600
6.275727100
6.356730600
6.311436400
6.227657400
6.198224600
6.240459900
6.260959900
6.238144400
6.242034500
6.222321400
6.204760700
6.146070700
6.210650100
6.167461500
6.166223000
6.221678300
6.272382100
6.234473500
6.204465800
6.340646400
6.228038700
6.207030300
6.271422900
6.229608500
6.214331400
6.253574900
6.294908600
6.276689300
6.251001100
6.207470100
6.172615700
6.200597400
6.185273600
6.158124800
6.204866000
6.195937400
6.170487700
