6.618178500
6.357416500
6.224146300
6.202709500
6.293805600
6.235229600
6.180788100
6.250833600
6.219410500
6.239177600
6.197622800
6.200473000
6.151227000
6.191329400
6.226330000
6.239204400
6.220991900
6.213508700
6.203779600
6.189096100
6.225817700
6.171558000
6.234801700
6.194864000
6.268615800
6.233876600
6.181078400
6.208041500
6.178903200
6.204136000
6.205747600
6.227898800
6.182723300
6.181436500
6.288150300
6.240116500
6.221059500
6.258570300
6.184897800
6.276404900
6.310832200
6.235024200
6.178318300
6.198931200
6.197702200
6.163846500
6.202342400
6.221887800
6.205092000
6.207957000
6.195994400
6.154211000
6.186709800
6.190240200
6.166858300
6.168715400
6.201698100
6.297296400
6.188803900
6.206573600
6.220981200
6.223620300
6.192760400
6.252178800
6.193606800
6.182729700
6.181105500
6.209743100
6.276032000
6.179318500
6.198021100
6.170335500
6.202249900
6.235571100
6.212687900
6.227824900
6.157763700
6.213540200
6.217000200
6.231933300
6.186274800
6.238827900
6.194791600
6.279266100
6.194096400
6.159697400
6.142015700
6.240397000
6.194229100
6.245479800
6.194125600
6.201719100
6.216387800
6.206823700
6.212207100
6.194470800
6.219050500
6.221884200
6.167405100
6.180716900
