0.034281200
0.033791900
0.034369200
0.034174500
0.035473800
0.034097100
0.034167100
0.034143100
0.035345500
0.034171800
0.034153400
0.034260600
0.034209200
0.034232600
0.034165400
0.034127000
0.034164100
0.034184700
0.035015200
0.034811700
0.034063100
0.034103800
0.035288800
0.034193200
0.034219000
0.034923800
0.034243800
0.035848700
0.034039400
0.034335900
0.035171700
0.034273400
0.034186700
0.034171100
0.034080500
0.035268500
0.034593900
0.034110400
0.034100700
0.034271600
0.036326100
0.034216400
0.034206700
0.034089200
0.034168100
0.034645000
0.034157500
0.034159000
0.035457700
0.034895400
0.034127100
0.035355500
0.035545000
0.035347700
0.035928600
0.034265300
0.034233400
0.034073400
0.034645700
0.035545100
0.035403400
0.034335000
0.034133600
0.034087400
0.034100400
0.034166800
0.034776700
0.034523600
0.034216300
0.034293300
0.034963900
0.034525200
0.034278700
0.034074600
0.034178200
0.034110900
0.034393000
0.034316900
0.034636300
0.034268500
0.035269100
0.034874800
0.034227000
0.035309200
0.035745800
0.034295500
0.034075600
0.034069800
0.034163600
0.034241600
0.034102200
0.035161500
0.034096900
0.034084300
0.034143300
0.034075400
0.034569200
0.036071900
0.034572100
0.034130300
