0.084249800
0.086379200
0.079402800
0.081676300
0.080298900
0.077163600
0.086698000
0.078209500
0.078255300
0.078825900
0.077341800
0.082898700
0.084024400
0.084250800
0.080438500
0.076913300
0.077193700
0.076739900
0.080042900
0.078257700
0.077402700
0.079161800
0.078314100
0.076484700
0.079044800
0.079523500
0.081054200
0.077381000
0.078185400
0.083041600
0.084523800
0.084945900
0.080920200
0.078092300
0.077737100
0.080158500
0.082355300
0.077775400
0.077317600
0.077200000
0.083251900
0.078751300
0.077363900
0.084118600
0.082004100
0.083101200
0.084907500
0.077858600
0.076588200
0.077099100
0.086482900
0.081575800
0.082735300
0.078323200
0.077934900
0.079770900
0.079931400
0.085867200
0.082929300
0.082398200
0.078531100
0.076734800
0.077888900
0.111960400
0.095351400
0.085974800
0.081789700
0.084808800
0.079124400
0.081824400
0.163370400
0.086947300
0.087653500
0.086812400
0.084561800
0.083073900
0.087074300
0.091231700
0.093128100
0.085368000
0.077757800
0.083070900
0.078629200
0.090423500
0.085557700
0.140961600
0.088521100
0.083301200
0.078746000
0.082164400
0.082378400
0.082173700
0.082503200
0.084124300
0.077637000
0.075967700
0.075986200
0.083952700
0.082046300
0.085339200
