0.034096300
0.034663200
0.033972300
0.034232400
0.034013800
0.034025500
0.034017600
0.034409500
0.034118000
0.033985000
0.034024200
0.034624700
0.034098400
0.034183300
0.034098800
0.034242500
0.033981200
0.035304200
0.036125400
0.034117200
0.034067700
0.034023400
0.034881700
0.034007500
0.036277600
0.035318000
0.034752100
0.035751100
0.034943300
0.034171800
0.035086200
0.034132800
0.034005000
0.034433600
0.033967600
0.034088100
0.034014600
0.034960500
0.034595900
0.033986800
0.035135800
0.034860400
0.033991000
0.034113500
0.034286600
0.034723200
0.034728500
0.036735100
0.034754500
0.035266500
0.034578600
0.034797200
0.034568200
0.034991700
0.034319700
0.034167800
0.034637500
0.034113100
0.034724100
0.034073500
0.034722300
0.034062900
0.034820900
0.034187000
0.034105700
0.034476900
0.034023000
0.034086800
0.034131400
0.035682500
0.035785500
0.034152500
0.034059800
0.034113400
0.034056200
0.034011100
0.034680900
0.035526400
0.033990600
0.034306000
0.034367200
0.034431000
0.034006400
0.035422900
0.035083200
0.034098600
0.034113400
0.034047000
0.034162300
0.034112800
0.034541300
0.034065600
0.034028900
0.034038900
0.034039100
0.034199800
0.035130300
0.034587400
0.035122000
0.034229700
