0.114372600
0.113377600
0.114207200
0.114731900
0.113841400
0.115217000
0.114850400
0.114139500
0.113402400
0.113624200
0.113045200
0.112676500
0.112069200
0.114136700
0.112487100
0.112311200
0.114258100
0.115406400
0.115806300
0.116732800
0.116040600
0.116593800
0.117576000
0.113847500
0.114306200
0.113982500
0.114020000
0.113778800
0.112550700
0.114374600
0.114039000
0.115031400
0.116798600
0.115328700
0.111272300
0.113727000
0.111243400
0.112572300
0.119543800
0.116670800
0.115453200
0.114440400
0.112961700
0.112312600
0.111172500
0.114675200
0.114051200
0.114321900
0.113916000
0.114084900
0.113358500
0.113334400
0.114911900
0.114734800
0.114580700
0.113315800
0.113907600
0.115484800
0.113669600
0.114041500
0.113875000
0.113285400
0.114423900
0.114511200
0.113531000
0.114503600
0.113605200
0.114965000
0.112082900
0.111636700
0.112767900
0.112181200
0.111823500
0.112278000
0.112557500
0.112477300
0.114634400
0.113788100
0.113692800
0.115460500
0.114242800
0.114427200
0.114591900
0.114453300
0.114663200
0.113017100
0.115855500
0.115886900
0.116081300
0.116674700
0.117795700
0.120469300
0.113600500
0.115242400
0.117466700
0.113431400
0.114385700
0.113576900
0.116147600
0.114506300
