0.082283800
0.082114200
0.081471000
0.081088700
0.081579500
0.080922300
0.083669100
0.083954700
0.083562100
0.083937600
0.083191600
0.080542200
0.078403800
0.078379500
0.077970000
0.077687000
0.079314000
0.081602500
0.076455700
0.076341800
0.076828100
0.076290400
0.076271400
0.076033400
0.076454400
0.076139800
0.076066200
0.076181100
0.076151700
0.075915900
0.076012000
0.083152000
0.076155100
0.076369200
0.075966600
0.075614200
0.076804500
0.076281200
0.075989700
0.077161900
0.076363300
0.076179700
0.075974600
0.077102700
0.076215800
0.075725600
0.075264200
0.075716300
0.076319600
0.076382400
0.076137400
0.076531200
0.076612600
0.076294400
0.076404400
0.076216500
0.076171100
0.076167800
0.076040200
0.077189700
0.077214400
0.076643700
0.076092400
0.077038900
0.076634500
0.078161200
0.077810500
0.077861900
0.078274300
0.077941000
0.080103300
0.081066700
0.079167700
0.077203300
0.081331800
0.076057900
0.076457600
0.077591400
0.078169500
0.078217600
0.078033500
0.076559700
0.079266400
0.080413700
0.080342000
0.080505100
0.080404800
0.076719100
0.077093500
0.077388000
0.076978300
0.076407200
0.076103500
0.076532300
0.076643500
0.077822300
0.082252300
0.081285500
0.075531600
0.076119300
