0.066171500
0.065145500
0.065841700
0.063282100
0.064946600
0.065009100
0.067316800
0.065193000
0.063286100
0.063937900
0.065927300
0.089170700
0.064198000
0.064209200
0.071901400
0.066175700
0.072376500
0.065449000
0.063407000
0.065131200
0.065006700
0.065666400
0.064261800
0.064888800
0.065555700
0.064759000
0.065037300
0.067860500
0.065443200
0.070165000
0.066524300
0.067013800
0.064891100
0.066690500
0.063960200
0.064603900
0.064904700
0.065234800
0.064908700
0.066635300
0.064003200
0.065082400
0.065057900
0.065870200
0.065110600
0.065171700
0.065088400
0.063976500
0.062888500
0.064383600
0.068227200
0.063972400
0.063577200
0.064919300
0.073712400
0.067080200
0.064683000
0.066490400
0.065343000
0.063468700
0.064961800
0.064936200
0.064833700
0.062574100
0.064775500
0.066800800
0.066967900
0.064899700
0.064962900
0.064861800
0.069908500
0.065363600
0.066587200
0.065674600
0.064997600
0.065014500
0.065503400
0.065151300
0.067921800
0.065782300
0.066053700
0.066706400
0.064242600
0.064903800
0.066716400
0.065304600
0.068905200
0.065144100
0.065470800
0.063576900
0.064801300
0.065057300
0.065385400
0.064592100
0.064943300
0.063552400
0.063066600
0.064773900
0.065029300
0.064985200
