6.628151300
6.638835800
6.632799600
6.624169000
6.629663900
6.660085300
6.661109300
6.610723500
6.605301700
6.646577700
6.662412900
6.652381900
6.706617600
6.732627800
6.665519700
6.615839500
6.623874900
6.689735300
6.656895800
6.645594100
6.715306400
6.700406900
6.689911200
6.685907700
6.690396000
6.642234300
6.638772900
6.633535200
6.638514300
6.659789300
6.620215300
6.655609000
6.624091400
6.616225700
6.649792300
6.631897500
6.637932100
6.657752500
6.622880500
6.616156000
6.629879100
6.620774500
6.626009400
6.668440100
6.661302700
6.632036100
6.654036100
6.646618600
6.600434700
6.606355500
6.636777500
6.644866700
6.643002400
6.647211800
6.642999800
6.608445500
6.634842000
6.651384600
6.625490400
6.609061400
6.610434700
6.612120000
6.637083700
6.611775700
6.598249500
6.661615500
6.620456000
6.662283200
6.609708300
6.607484600
6.652434500
6.630228800
6.646369700
6.643712900
6.637892300
6.608478500
6.722084100
6.628293500
6.732300100
6.619841800
6.655867600
6.672509100
6.676727600
6.750205000
6.685964600
6.699234000
6.755609800
6.665045000
6.702149400
6.701105200
6.711781100
6.676959500
6.702198300
6.672522700
6.660367700
6.671376700
6.713291700
6.642310400
6.613626600
6.683866100
