5.994146200
6.032830500
6.197858600
6.197957100
6.304321700
6.221493700
6.069695500
5.983618700
6.093252500
6.048392900
5.983731200
5.983151200
6.100810800
6.059115000
6.027358500
6.003840900
6.099593800
6.102486200
6.254783200
6.022733300
6.012746800
5.990421800
6.065588600
6.054465200
6.318861100
6.121531500
6.304125300
6.105048000
6.184883900
6.075978400
6.016865500
6.160092800
6.294319700
6.228310200
6.111791100
5.945163300
5.984028600
5.990465700
6.049504000
6.150203000
6.011365400
6.043520600
6.130683300
6.067201800
6.061772200
6.106014300
6.145868500
5.971949600
6.117145400
6.244543900
6.046205500
6.002532000
6.054153500
6.149987800
6.334386500
6.322158100
6.246911500
6.209942000
6.138040500
6.218366400
6.206710800
6.171578700
6.069875300
6.168564000
6.096847200
5.967592800
6.133953400
6.030259400
5.993192300
6.123697500
6.116787400
6.101995000
6.141925200
6.138163900
6.215762600
6.215685400
6.231284600
6.078119300
6.184729900
6.124002200
6.243590900
6.160680200
6.061127800
6.183840800
7.485573600
6.636468700
7.782161300
10.331237900
8.597704900
6.293141100
6.214269300
7.053820400
6.470837600
6.942523000
6.688059300
6.218307000
6.194654600
6.744718600
6.224460900
6.222716900
