5.996218900
5.963049400
5.980402800
5.946739300
6.046829100
5.855715800
6.017344700
6.091514700
6.270404200
6.151902400
6.133308700
6.155270300
6.072963100
6.040395300
6.079731100
6.247503300
6.052929200
6.109213100
6.203143900
5.996199400
6.110160000
6.181040600
6.145798200
6.160975900
5.986286100
6.039661600
6.147714400
6.121743300
6.049009200
6.018467200
5.943466200
6.126922600
6.013351900
6.186122100
6.172244300
6.204991500
6.175766100
5.997709200
5.876057700
6.185896000
6.089679000
6.164496300
6.001073200
5.988061500
6.094961800
5.990836500
6.015834600
5.910578700
5.953971400
6.267305400
6.237007600
6.171954800
6.070540200
6.099789500
6.065758400
6.102394000
6.250289200
6.086050200
5.877510400
5.861765800
5.974675900
6.069657800
6.160795500
6.067594100
6.090313600
6.053604800
6.110935000
5.936008300
5.972788500
6.236822100
6.089641400
6.178157200
6.112128000
5.980879500
6.082826700
6.089689600
6.229337200
6.196607600
6.226028500
6.065027800
6.154033300
6.033563900
6.013565400
5.923161700
6.132319100
6.165963300
6.135066300
6.108556400
6.236014900
5.991726500
6.081515500
5.906248700
5.883419900
5.878829300
6.004109600
6.075187200
5.842387000
6.098161700
5.901628100
5.998473900
