0.034501300
0.033737200
0.034263600
0.034456900
0.034343100
0.034308800
0.034630200
0.034957200
0.035650900
0.034442900
0.034655700
0.036606500
0.038152400
0.035504100
0.036013000
0.034742700
0.034443700
0.035188900
0.034346300
0.034946300
0.034478400
0.035516100
0.035467900
0.034716900
0.034376200
0.034630000
0.034851600
0.034348300
0.034619000
0.034277700
0.034345700
0.034364000
0.034413500
0.034377700
0.034343700
0.034843000
0.034847900
0.034461600
0.035179300
0.034249600
0.034345500
0.034333800
0.034349800
0.035624800
0.034444900
0.034303600
0.034778400
0.035943800
0.034541400
0.034821200
0.035069200
0.034565000
0.035316300
0.034466200
0.034323300
0.034446300
0.034982300
0.034309900
0.034756700
0.034542700
0.034465500
0.035222700
0.034629300
0.034266000
0.034266100
0.034787900
0.034155400
0.034252700
0.034304700
0.034251900
0.034289600
0.034302100
0.035063300
0.034353100
0.034326500
0.035552100
0.034469500
0.034342200
0.036676600
0.034598500
0.034392400
0.034502300
0.034323400
0.034932000
0.034340200
0.034451800
0.035290100
0.034382900
0.034573500
0.034508600
0.034441800
0.034261500
0.034375000
0.035505700
0.034732900
0.034921800
0.034678100
0.035018000
0.034401000
0.034542000
