0.035871700
0.035685900
0.035783300
0.035973000
0.035810600
0.036058300
0.035776500
0.035907800
0.035745500
0.035489200
0.035628800
0.035832500
0.035758300
0.035798500
0.035687300
0.035914900
0.035701200
0.035538000
0.035875100
0.035776300
0.035828900
0.035903700
0.036542500
0.035780700
0.035789200
0.036613700
0.036377500
0.036029300
0.036413100
0.035890900
0.036134500
0.035865000
0.035760000
0.035870300
0.035620700
0.037611800
0.037281700
0.035811600
0.036554700
0.035630500
0.036141800
0.035670000
0.035698100
0.035832300
0.035725900
0.035857200
0.035794200
0.035962400
0.035733800
0.035575100
0.037090900
0.035583500
0.036210300
0.035909900
0.036185100
0.035763500
0.035683900
0.035770600
0.036970600
0.035565300
0.036324800
0.035800300
0.035719400
0.035820500
0.035881500
0.035762400
0.035751600
0.036124500
0.035679100
0.035818300
0.035764900
0.035883500
0.036011900
0.036923700
0.035787300
0.035729000
0.035838000
0.035601200
0.036969400
0.037035700
0.035620900
0.035853300
0.035743800
0.035481200
0.035693200
0.036324100
0.035769100
0.036015100
0.035816400
0.036401400
0.036793400
0.035670300
0.035709700
0.035738500
0.035703300
0.035646000
0.035718300
0.035673500
0.035689800
0.035784800
