0.034858900
0.033696900
0.034262700
0.034176300
0.034212100
0.035240500
0.034428500
0.034305900
0.034721600
0.034235600
0.034651800
0.034299100
0.034283500
0.034210300
0.034303700
0.034172200
0.035016600
0.034197900
0.034149700
0.034228100
0.034151000
0.034770200
0.034345900
0.034209400
0.034171100
0.034121800
0.034345000
0.034129400
0.034082700
0.035268700
0.034264900
0.034117800
0.034056600
0.034094700
0.034640000
0.034179500
0.034216000
0.034162900
0.034142500
0.034160200
0.034295300
0.034538000
0.034295400
0.034315200
0.034257100
0.034101400
0.034456100
0.035125900
0.034118300
0.034137500
0.034103100
0.034903900
0.034122400
0.034208400
0.034152500
0.034121500
0.034362500
0.034578300
0.034338400
0.035134600
0.034178900
0.034136600
0.034763600
0.034743600
0.034443500
0.034728400
0.034757500
0.034362100
0.034252500
0.034216100
0.034282100
0.034133200
0.034199900
0.034173400
0.034143200
0.034388400
0.034449100
0.034207700
0.034243500
0.034157400
0.034161000
0.034581000
0.034342800
0.034510600
0.034309700
0.034187600
0.034110800
0.034151800
0.035356300
0.034218500
0.034170300
0.034349600
0.034273600
0.034154200
0.034238300
0.034214800
0.034216700
0.034154100
0.034129200
0.034110200
