0.020902993
0.020821319
0.021095007
0.020866554
0.020834928
0.020808088
0.020759991
0.020679910
0.020699357
0.020676723
0.020683357
0.020718131
0.020656937
0.021058574
0.021572873
0.021429494
0.020663078
0.020732730
0.020674309
0.020663168
0.020700718
0.020714375
0.020720706
0.021717407
0.020694787
0.020678037
0.020698394
0.020732529
0.020767606
0.020749070
0.020695710
0.020682584
0.020690210
0.020675660
0.020718633
0.020669930
0.020720417
0.020673989
0.020707160
0.020661696
0.020741085
0.020670141
0.020682083
0.020716579
0.020650403
0.020688255
0.020650945
0.020709435
0.020673898
0.020685990
0.020737560
0.020700678
0.021667452
0.022771400
0.020710848
0.020690189
0.020730275
0.020694788
0.020673296
0.020690450
0.020707802
0.020640555
0.020684968
0.021805790
0.022269321
0.020696540
0.020679309
0.020688485
0.020691842
0.020683224
0.020669429
0.020751505
0.020687533
0.020679068
0.020735114
0.020735706
0.020699816
0.020705108
0.020716198
0.020672124
0.020698555
0.020683436
0.020653559
0.020678375
0.020673759
0.020692142
0.020698084
0.020673807
0.020700348
0.020706289
0.020657697
0.020681201
0.020707201
0.020702393
0.020663397
0.020664701
0.020680760
0.020689428
0.020677745
0.020725987
