0.022304007
0.022365532
0.022258601
0.022237529
0.022249013
0.023095310
0.022987416
0.022422932
0.023143477
0.022288035
0.022252789
0.022229966
0.022224947
0.022232070
0.022301651
0.022226720
0.023367146
0.022210509
0.022221819
0.023124963
0.022240205
0.022246498
0.022213945
0.022287065
0.022278737
0.022289900
0.023005646
0.030683444
0.022293536
0.022250715
0.022309597
0.022246286
0.022229155
0.022255394
0.022258641
0.022253269
0.022288377
0.022238412
0.022312583
0.022254161
0.022213976
0.022286221
0.022221529
0.022221850
0.022264051
0.022258098
0.022262046
0.022245886
0.022251916
0.022280201
0.022249752
0.022219506
0.022255513
0.022214416
0.023586684
0.022203416
0.022222521
0.022245536
0.022621505
0.022755314
0.022274029
0.023318113
0.022269050
0.022253901
0.022223615
0.022264821
0.022266225
0.022217681
0.022250705
0.022210208
0.022257929
0.022299146
0.022400489
0.022267637
0.022249462
0.022258631
0.022272796
0.022287375
0.022280451
0.022276905
0.022278477
0.022476846
0.022283907
0.022330116
0.022295209
0.022281584
0.022762237
0.022307224
0.022249322
0.022235697
0.022357628
0.022218994
0.022293086
0.022288476
0.024349445
0.022256656
0.022282466
0.022258068
0.022274501
0.022274129
