0.021228177
0.020656696
0.020469201
0.020507523
0.020526530
0.020501121
0.020484740
0.020433522
0.020521906
0.020541236
0.020441237
0.020443771
0.020446748
0.020517071
0.020457338
0.020443742
0.020451166
0.020450054
0.020459362
0.020467097
0.020451927
0.020449192
0.020473829
0.020458160
0.020479579
0.020439173
0.021264321
0.020515850
0.020457587
0.020449243
0.020453109
0.020462888
0.020428002
0.020466165
0.020461575
0.020435928
0.020474299
0.020473870
0.020496982
0.020470604
0.020470823
0.020450174
0.020442389
0.020451186
0.020430987
0.020501382
0.020417883
0.020500519
0.021174136
0.020436417
0.021370439
0.020466715
0.020481234
0.020437139
0.020457579
0.020488566
0.020804193
0.020524094
0.020405249
0.020446236
0.020433333
0.020467697
0.020460244
0.020455594
0.020433884
0.020451225
0.020455385
0.020481473
0.020456797
0.020484960
0.020435206
0.020447749
0.020463460
0.020482866
0.020457648
0.021621135
0.020488597
0.020438181
0.020421009
0.020464101
0.020429244
0.020458790
0.020407673
0.020457267
0.020470182
0.020435837
0.020489047
0.020428904
0.020447629
0.020425938
0.020472907
0.020442430
0.020453630
0.020417933
0.020428152
0.020467858
0.020479890
0.020590241
0.020430467
0.022488498
