0.345847600
0.338558200
0.347936300
0.345801100
0.345943200
0.348863700
0.346926100
0.345849700
0.347588800
0.348638700
0.349622700
0.347114800
0.345418100
0.345056600
0.345906800
0.344549200
0.348770900
0.345803100
0.344979300
0.345675700
0.345006700
0.344473900
0.349809100
0.344800400
0.345572800
0.346452000
0.344225300
0.347385700
0.346039600
0.350807000
0.346756600
0.348192300
0.348008300
0.345684600
0.346294300
0.344926100
0.344621900
0.345342700
0.344467400
0.345950300
0.352528800
0.348022600
0.345517100
0.346665000
0.345999300
0.344438800
0.347692200
0.345081500
0.346178200
0.347860100
0.346185100
0.348308300
0.346417900
0.346522000
0.351632300
0.346370700
0.344606400
0.347284200
0.345716300
0.347404500
0.347149000
0.344363900
0.344794100
0.346887300
0.377551700
0.347664800
0.349696200
0.349060500
0.346702800
0.348984600
0.344866400
0.349641600
0.348488600
0.347421600
0.348750100
0.350292200
0.348118000
0.355262100
0.352665400
0.348147500
0.350968800
0.357956300
0.347075900
0.438992800
0.416561200
0.352141900
0.355265500
0.362355900
0.353019800
0.354333500
0.351829100
0.347443400
0.352227100
0.351754800
0.347320400
0.348098300
0.353430900
0.350271800
0.349167500
0.347548700
