0.344809800
0.338421700
0.344638200
0.343433500
0.346603200
0.341343900
0.345553700
0.346563300
0.343834600
0.342752800
0.344918500
0.344974100
0.343492600
0.341519800
0.342313900
0.344328300
0.342895100
0.342183600
0.346534800
0.344404800
0.343916800
0.345413000
0.342587300
0.343653000
0.343821100
0.342278400
0.342890900
0.343518400
0.342120800
0.343695600
0.342923800
0.342638400
0.344938300
0.343117500
0.342173800
0.342767500
0.344050000
0.343194800
0.343997100
0.343445300
0.342442400
0.342455400
0.343595800
0.341956800
0.343774200
0.342076200
0.341668600
0.345900200
0.342906200
0.343061200
0.344844400
0.342046100
0.341907500
0.344366300
0.343389800
0.342880700
0.345102300
0.342490600
0.342174200
0.342814700
0.342911800
0.342447800
0.346301500
0.342973100
0.341774300
0.348181100
0.343589100
0.343687800
0.344068100
0.343102000
0.344023500
0.344170300
0.342395000
0.341592000
0.343842400
0.342504700
0.342696800
0.343581900
0.341366800
0.343866100
0.344984300
0.343327300
0.343019500
0.342873400
0.341774900
0.346163500
0.345095600
0.344639500
0.344421800
0.344477200
0.342893100
0.344285100
0.342684100
0.343233800
0.343087900
0.342787700
0.342616400
0.342129400
0.344803700
0.342713300
