0.359461400
0.356130000
0.360137600
0.358263400
0.358336000
0.359811100
0.358349000
0.360197700
0.359149700
0.359822700
0.361644200
0.358219800
0.359533200
0.359951800
0.357753800
0.358665900
0.358230900
0.363213100
0.359139500
0.359845100
0.359817400
0.358874400
0.360079200
0.357789800
0.357471500
0.358944600
0.359721800
0.359097200
0.357282100
0.358266700
0.359078500
0.358380600
0.357850500
0.359326100
0.357759200
0.356914000
0.359792400
0.357576900
0.358662900
0.358621300
0.358318800
0.358684300
0.357410500
0.358143200
0.359508200
0.358733700
0.359268400
0.359618800
0.358788400
0.358889500
0.359106800
0.365663900
0.360431300
0.376339400
0.362065900
0.360788500
0.359411300
0.359037400
0.361616600
0.362215000
0.358926600
0.363362200
0.360812500
0.358457700
0.359240300
0.359723300
0.361113300
0.362860100
0.367351900
0.361540900
0.360545400
0.357852300
0.359262600
0.365237700
0.359190100
0.360670300
0.362056500
0.360808900
0.364582800
0.363515300
0.359184500
0.362436100
0.359487700
0.361609200
0.363693600
0.361016200
0.360478400
0.359050100
0.360288000
0.361544100
0.361382300
0.359270800
0.361113200
0.361114500
0.357518400
0.358971100
0.363521200
0.357872400
0.363207100
0.366451200
