10.798607458
10.828314845
10.920172098
10.811817035
10.806614680
10.814191098
10.867217564
10.857291375
10.848135051
10.817381778
10.756549258
10.826045859
10.832777675
10.844139355
10.806254633
10.819264445
10.853903346
10.847856554
10.871902333
10.901435762
10.804652858
10.854573319
10.802012324
10.836846266
10.864126940
10.855880460
10.812606697
10.786194148
10.878498708
10.857575518
10.833736960
10.844437299
10.802900751
10.842269353
10.764264285
10.839758926
10.837820383
10.839586107
10.842796523
10.813361187
10.776077739
10.957763885
10.784864702
10.842181003
10.843326443
10.818118460
10.909836129
10.838764907
11.066211808
10.948595595
10.820084890
10.851693881
10.857105277
10.791964720
10.855984575
10.793244268
10.850332170
10.863716493
10.828014999
10.844722510
10.812235287
10.836289804
10.843383531
10.850392646
10.839707242
10.827417196
10.799486108
10.803281553
10.900111749
10.822176619
10.832344317
10.879488109
10.804047479
10.793362599
10.865644896
10.837729619
10.808190055
10.836651781
10.773921564
10.844283385
10.867279373
10.826486914
10.770424034
10.831369454
10.877915368
10.969383493
10.804779266
10.835816481
10.819623942
10.838482801
10.857197701
10.899632518
10.803104233
10.869772097
10.841224330
10.853686764
10.864623119
10.866837656
10.836848393
10.804711835
