10.794122544
10.824390768
10.862601208
10.823691704
10.818004304
10.784389748
10.838004428
10.844022871
10.825805718
10.788489261
10.810141666
10.772144094
10.790572399
10.783335152
10.823277969
10.805871580
10.774389405
10.778558351
10.746586182
10.813739878
10.834230763
10.785742564
10.791635771
10.835284829
10.818095050
10.835920838
10.796996069
10.832385520
10.813610151
10.813012207
10.827091679
10.823825478
10.809831433
10.808958706
10.808580397
10.765833620
10.824889665
10.787399879
10.830485872
10.760744084
10.834214076
10.836539581
10.834122050
10.745347746
10.792529610
10.748917130
10.799160539
10.803600451
10.860652508
10.825032751
10.784321178
10.751787461
10.781182880
10.837936746
10.794839535
10.796101612
10.791299412
10.816613485
10.862742337
10.875832215
10.822100018
10.792300334
10.806146371
10.799692332
10.805841451
10.786947411
10.791224922
10.801632945
10.771597399
10.862872235
10.804230267
10.788677372
10.768356485
10.786175636
10.828750222
10.854271417
10.800952327
10.782943765
10.838572546
10.758094538
10.833278921
10.888430827
10.805716336
10.740061650
10.760055529
10.839609274
10.835254547
10.754237815
10.792067841
10.807358551
10.797971866
10.782177901
10.862768053
10.786768669
10.762788993
10.805049310
10.800762754
10.864841115
10.786407636
10.752160180
