7.330418851
7.319883085
7.467193689
7.328400969
7.344728536
7.348911306
7.326356255
7.332920602
7.326652534
7.324733695
7.340739205
7.317577897
7.335999100
7.326118300
7.335337878
7.316693388
7.307074408
7.312114387
7.299095538
7.317607337
7.339210880
7.353225039
7.313775505
7.311616607
7.327197953
7.326193004
7.341427847
7.317265806
7.349712935
7.332533270
7.321100279
7.346684123
7.349335478
7.319080713
7.338457552
7.340272335
7.326849322
7.300699286
7.352877371
7.315966991
7.347756989
7.313259074
7.354358633
7.323861566
7.326315572
7.320730435
7.345770318
7.334192082
7.321619381
7.321183450
7.311091022
7.323091610
7.333090993
7.326865684
7.359943542
7.340921340
7.315426304
7.330138245
7.350153759
10.967125383
11.455139292
11.474195288
11.546479446
11.448377686
11.482722989
11.447046551
11.468123595
11.446453201
11.476049599
11.457075663
11.469242458
11.468701362
11.485815180
11.483790638
11.416124650
11.485391524
11.480751971
11.464646292
11.514073828
11.465537340
11.502134894
11.503554994
11.507759683
11.484495426
11.450016736
11.473620901
11.454439696
11.560370261
11.490265987
11.491160922
11.469834495
11.480500583
11.479960772
11.503522752
11.512851409
11.478556591
11.491164328
11.441980223
11.522154273
11.475346880
