0.073193100
0.071050600
0.071146300
0.071548900
0.070950000
0.071148700
0.071164200
0.071273800
0.071500200
0.071123000
0.071484500
0.072639000
0.072468200
0.072754800
0.071071800
0.071945800
0.070995300
0.071348700
0.077542300
0.072611200
0.073320800
0.073342400
0.072249200
0.071094300
0.071037000
0.071209900
0.071168300
0.071659700
0.071532800
0.071881000
0.070924800
0.072841000
0.072022500
0.071161100
0.071651800
0.071150600
0.072538500
0.071630900
0.071412200
0.074149200
0.073646500
0.072297100
0.071156200
0.072180100
0.071190100
0.071548900
0.074723300
0.076553400
0.075978200
0.074125500
0.070876000
0.074087700
0.075022800
0.072622900
0.071225000
0.073403100
0.071796100
0.074688300
0.071147300
0.073379500
0.071173100
0.073259700
0.071125900
0.076231500
0.073159200
0.074879300
0.071123900
0.071256300
0.071163700
0.071080600
0.071010400
0.072031600
0.072513500
0.073062900
0.071328700
0.072970400
0.071172800
0.071245200
0.071251800
0.071467900
0.071179200
0.071144200
0.071683900
0.071150600
0.071147800
0.073515100
0.071106800
0.071099200
0.071823800
0.071620300
0.071135400
0.071158200
0.073363300
0.071050500
0.071485000
0.073521700
0.071085900
0.071218600
0.071168800
0.071939500
