0.071869200
0.069369200
0.070201600
0.070848100
0.070749700
0.070226600
0.070573400
0.070170100
0.070191300
0.070057600
0.070563800
0.071195000
0.074943800
0.070970400
0.070202500
0.070575900
0.071995400
0.070151100
0.070198500
0.070214100
0.070994900
0.070154200
0.070363100
0.069819400
0.070102000
0.070109400
0.070897000
0.070117700
0.070491700
0.069998600
0.070089400
0.069868300
0.070097300
0.070174200
0.070098400
0.070191300
0.073620500
0.070822800
0.070712500
0.070245500
0.071667000
0.073814700
0.070348200
0.069990200
0.070681600
0.070444600
0.070209700
0.070728000
0.070345700
0.070227000
0.071013400
0.070885700
0.070051700
0.070246400
0.070495800
0.071927900
0.070000200
0.070065800
0.069761200
0.069972300
0.070087100
0.070317400
0.070072400
0.070358300
0.069952800
0.070098900
0.070041200
0.070216600
0.070038400
0.070787100
0.070721700
0.072295300
0.071702000
0.070176800
0.070173000
0.070270500
0.070154200
0.070526700
0.070240700
0.070270200
0.070525800
0.070442000
0.071063200
0.069826400
0.070864600
0.070779800
0.069948200
0.070145700
0.070053100
0.070098500
0.070161300
0.072857800
0.070037400
0.069938300
0.069881100
0.069761700
0.069997200
0.070195200
0.071233000
0.071442500
