0.096283100
0.095064700
0.095778600
0.095913500
0.095726100
0.096918500
0.096433900
0.095876000
0.096420500
0.096072000
0.095854200
0.097481300
0.095636200
0.095771700
0.097248000
0.096243700
0.096892800
0.095750300
0.095735100
0.096626300
0.096402000
0.096902400
0.096052600
0.096327600
0.096486600
0.096735500
0.097566300
0.097414400
0.095759300
0.095810400
0.095638300
0.096211800
0.096391900
0.096716200
0.095959200
0.097424200
0.096684800
0.098220100
0.096644200
0.096790200
0.096653700
0.095889200
0.097398300
0.095706800
0.097163500
0.095850000
0.095740400
0.096488000
0.095767300
0.095934300
0.095772400
0.095719400
0.097180600
0.095709300
0.098089500
0.097641900
0.095883600
0.095755300
0.097185300
0.095875000
0.095801900
0.095809200
0.095842300
0.095728000
0.095618900
0.095777300
0.095695700
0.095785100
0.096757600
0.096525600
0.095975100
0.095791700
0.095839400
0.095807300
0.096364400
0.096023200
0.095948000
0.095702700
0.095753900
0.097319200
0.096098900
0.095822000
0.096175700
0.096388400
0.095885400
0.095854200
0.095908600
0.095943100
0.095938000
0.097235300
0.098577000
0.095890200
0.095654600
0.095586400
0.095738900
0.095674700
0.095608800
0.095592900
0.095644500
0.095632800
