6.056945400
6.071898400
5.991481900
6.089787300
6.111649300
6.086121100
6.077387800
6.013496300
6.102833300
6.063423500
6.082566200
6.086093900
6.155351400
6.184812300
6.174745600
6.146284200
6.142344400
6.058907300
6.098225600
6.166092900
6.193601500
6.110224800
6.129697000
6.106740700
6.127155100
6.169840800
6.140455200
6.180004300
6.090604200
6.132312700
6.101742900
6.107508200
6.093247000
6.097851700
6.176893900
6.172920500
6.173911400
6.167843200
6.139022100
6.092346800
6.095637900
6.183641900
6.116453500
6.116952900
6.118402000
6.112054400
6.147268700
6.098600200
6.082611800
6.185218600
6.182271500
6.133101200
6.065255900
6.087483900
6.138055400
6.091686900
6.119232200
6.052556900
6.025067500
6.080209700
6.129137300
6.058596200
6.109519700
6.087456400
6.150389100
6.088262100
6.048769400
6.148425900
6.136371900
6.124721400
6.110604500
6.107437500
6.193439200
6.174149800
6.140169800
6.100204600
6.136554600
6.141436400
6.208488300
6.180674800
6.086337400
6.105704600
6.104982800
6.179180200
6.057339200
6.148450500
6.060088800
6.105428300
6.104468100
6.165670200
6.112002600
6.158618500
6.132711400
6.071912800
6.121889800
6.092935100
6.114627000
6.110894700
6.023717000
6.121939700
