6.936418600
6.973505500
6.941730400
7.060164900
7.234284200
7.262784500
7.111238600
6.951364800
7.035035200
7.327088800
7.099760100
7.115804500
7.064755300
7.196198000
6.908155100
6.922023800
7.237662200
7.196245200
7.167365800
7.139336800
6.830446100
6.953996100
7.066046400
6.936298800
6.988767000
6.979998800
7.006056300
6.984850100
6.929152800
6.999040800
6.957362500
7.015659800
6.949488400
6.967004100
6.913947900
6.930920200
6.937252200
6.892116100
7.057634000
7.010388600
6.946955000
6.885622600
6.911525300
6.958842400
6.958433800
6.965942100
6.915627300
7.031428000
6.908388800
6.954934200
6.967776000
6.967358500
6.921537100
6.920328500
6.999330500
6.897910600
6.924717300
7.006254400
6.959361200
6.975145700
6.959190900
6.925520000
7.085503800
6.955539900
6.953546300
6.969447900
6.932057700
7.013633800
7.003886100
7.167069500
7.140668500
7.178470600
7.043270900
7.100899000
7.142182000
6.987173100
7.000937600
7.172864800
6.944098200
7.019684700
7.052716000
7.242982900
7.200667100
7.024016800
7.118940000
7.026979600
7.054296200
6.937253200
6.924985900
6.885286000
6.930752800
6.966162000
6.959522200
6.926289500
7.053638200
6.903440900
6.900849700
6.992941000
6.899727000
6.857493500
