5.760847700
5.742553600
5.881536700
5.827296900
5.741693000
5.768833500
5.766964300
5.747391600
5.819780000
5.891779100
5.937156900
5.790754800
5.771536900
5.825715100
5.849603800
5.884593700
5.841243300
5.948112900
5.888783000
5.837956300
5.982711300
5.955892900
5.956197600
5.910246200
5.844252800
5.896667200
5.844438100
5.836546400
5.870772500
5.828971200
5.750744400
5.859495300
5.859474900
5.804942900
5.842955500
5.748215000
5.865334300
5.764420400
5.785798200
5.860123800
5.694674200
5.796669600
5.809088400
5.776069800
5.755702900
5.769366000
5.929463900
5.958931100
5.873708600
5.848744700
5.787304400
5.870060300
5.770852100
5.801676700
5.872605000
5.703103200
5.806376100
5.940834200
5.770756600
5.743701100
5.769350100
5.841761400
5.750889100
5.782999400
5.769702300
5.801098700
5.767808900
5.743651700
5.765388200
5.815147900
5.724403200
5.769120700
5.696663500
5.759121900
5.732024800
5.694710200
5.797904900
5.709074900
5.730633700
5.755573500
5.730819900
5.762035600
5.760011000
5.716955100
5.733051600
5.702257700
5.735415600
5.752241700
5.759828900
5.733678500
5.781822100
5.722206000
5.775516000
5.776074900
5.721746500
5.770486200
5.748165400
5.754698600
5.728431300
5.692247300
