0.036237400
0.035700500
0.036336400
0.036069300
0.035969500
0.035809800
0.035960800
0.035801500
0.035855500
0.036216600
0.035894900
0.036075200
0.035904400
0.035802200
0.036004200
0.035859400
0.036326100
0.035808700
0.036329700
0.036444400
0.036309000
0.037360800
0.036290800
0.035831000
0.036123300
0.036831400
0.035839700
0.035839300
0.035953000
0.036124900
0.036004500
0.036610400
0.036082200
0.035890300
0.035852400
0.035964200
0.035879500
0.036012300
0.035994800
0.035970600
0.035924600
0.035952800
0.035878100
0.035892800
0.035903800
0.036056500
0.036492300
0.035972500
0.036460000
0.035864800
0.035916600
0.036243200
0.036867500
0.036708000
0.035872500
0.035771400
0.035843500
0.036228100
0.035959400
0.035840400
0.035890700
0.035834600
0.035982000
0.036820500
0.036410000
0.035863300
0.036023500
0.035926600
0.035832400
0.035916300
0.035975400
0.036029500
0.035902700
0.036030300
0.035836800
0.035863000
0.035912200
0.035950800
0.035926300
0.035873000
0.035809000
0.037169400
0.036977900
0.035861100
0.035838000
0.036143800
0.036467900
0.036070400
0.035970600
0.035932400
0.035892500
0.035931400
0.035920100
0.035880100
0.035854100
0.035966100
0.035918900
0.036065300
0.036444200
0.035930800
