0.034108600
0.034453200
0.035002900
0.035028900
0.034283200
0.034401500
0.034153100
0.035563400
0.035071400
0.034149700
0.034156800
0.034262500
0.034231600
0.034354100
0.034395800
0.034138400
0.034135500
0.034425800
0.034431000
0.034109400
0.034135300
0.034175200
0.034144600
0.034215400
0.034999400
0.034139400
0.034054300
0.034146400
0.034148900
0.034225800
0.034390300
0.034331400
0.034154400
0.034203900
0.035004200
0.034156300
0.034238000
0.034269100
0.034268500
0.034266600
0.035132100
0.034238700
0.034719500
0.034293900
0.034171000
0.033843400
0.034179300
0.034068500
0.034251100
0.034125300
0.034211100
0.034157800
0.035108400
0.035693900
0.035287100
0.034180900
0.034190800
0.034565600
0.034677600
0.034223200
0.034248900
0.034104900
0.034186000
0.034694700
0.034215900
0.035515400
0.034503800
0.034164400
0.034077100
0.034391300
0.034258200
0.034528800
0.034408500
0.034223700
0.034235500
0.034114700
0.034029400
0.034335300
0.034444000
0.034211200
0.034363000
0.035154000
0.034136700
0.034921400
0.034332900
0.034227800
0.034343900
0.035134600
0.034164900
0.034114700
0.034153100
0.034295500
0.034044300
0.034128100
0.034147000
0.034534600
0.034713200
0.034104300
0.034184200
0.033910200
