0.034637200
0.033907400
0.034379000
0.034409200
0.035036500
0.034377500
0.034419600
0.034398400
0.034704200
0.034840300
0.035468400
0.034402300
0.035483800
0.035612500
0.034314000
0.034448400
0.034410800
0.034754000
0.034702400
0.034375400
0.035187700
0.034630000
0.034479000
0.034382200
0.034914100
0.034612100
0.034374100
0.034720700
0.034367500
0.034491800
0.034505700
0.034477700
0.034443300
0.034431500
0.034441900
0.034402800
0.034439500
0.034506700
0.034356400
0.035486900
0.035103800
0.034341400
0.034270600
0.034485600
0.034723000
0.034544600
0.034491100
0.034371300
0.034413000
0.034930500
0.034614100
0.034481800
0.034548600
0.034501800
0.034507400
0.034458900
0.034561800
0.034383900
0.034352200
0.034564300
0.034850800
0.034367700
0.034411400
0.034450700
0.034377600
0.034320600
0.034556100
0.034390200
0.034437700
0.035445800
0.034412600
0.034361100
0.034516300
0.035291000
0.034457000
0.034458900
0.034661800
0.034838200
0.034395900
0.034734700
0.034397800
0.034604500
0.034634700
0.034373100
0.036104400
0.034416000
0.034469100
0.034364400
0.034368700
0.034403100
0.034673300
0.034587600
0.034404800
0.034493200
0.034321800
0.034808100
0.034742600
0.034474000
0.035834100
0.034366500
