0.354492100
0.352842300
0.355103900
0.353454700
0.352295300
0.352359400
0.354656500
0.352413700
0.352321300
0.353430200
0.352183900
0.352340700
0.353159900
0.352305000
0.354530400
0.353518600
0.352434000
0.352524700
0.353545400
0.352386400
0.353424400
0.352205800
0.352187300
0.353943400
0.352340600
0.352914900
0.353669000
0.352547200
0.352398000
0.353133600
0.353242600
0.353001800
0.354712600
0.352685800
0.352460300
0.354261500
0.352524800
0.353078900
0.353137700
0.352271900
0.352216300
0.353184200
0.352327500
0.353029400
0.353146000
0.353980100
0.353707600
0.352384200
0.352363600
0.353393400
0.352314800
0.352435100
0.353256500
0.352301300
0.352380500
0.353497500
0.355101900
0.352469100
0.354076500
0.354039200
0.352240600
0.353661600
0.353646100
0.353895200
0.352876700
0.353010300
0.353585400
0.352789800
0.352278100
0.353372900
0.352384300
0.352629600
0.353170900
0.352396800
0.352194000
0.353191600
0.352338800
0.352603200
0.353141200
0.352018500
0.352588600
0.353926900
0.353114600
0.353634100
0.353999800
0.352524100
0.353708600
0.353408200
0.352320500
0.354380500
0.352454500
0.352502400
0.353502000
0.352462300
0.352490900
0.353404600
0.352219900
0.352435500
0.353110400
0.352387600
