0.360269400
0.360825800
0.358666800
0.359612400
0.359529800
0.361387500
0.359906400
0.358696800
0.358607700
0.359784000
0.359337600
0.358845700
0.359563300
0.358830200
0.359386800
0.358717900
0.359563500
0.360709500
0.358726700
0.358810600
0.359443100
0.358341900
0.358398800
0.361097500
0.358803400
0.358670500
0.359890900
0.359202900
0.358721800
0.359425800
0.358357800
0.359403300
0.359170000
0.358769300
0.359878000
0.358887900
0.359726700
0.359387100
0.358922800
0.358749700
0.360102700
0.359406900
0.359680100
0.360460600
0.359523300
0.359302800
0.358752200
0.358735100
0.360638300
0.358709900
0.358766800
0.359812400
0.359060800
0.359377800
0.360368800
0.358833000
0.359183400
0.360146000
0.359115800
0.360781000
0.358959400
0.359350500
0.359785100
0.358480200
0.358470800
0.361135800
0.359291600
0.358608800
0.360788500
0.358690500
0.358710000
0.359401000
0.358780300
0.358608300
0.359779900
0.358707400
0.359863700
0.359101900
0.358706300
0.361459100
0.358701300
0.359674700
0.359698800
0.358677100
0.359686400
0.359541600
0.358677300
0.358606600
0.359711700
0.359805700
0.360037900
0.359896200
0.358681400
0.360740200
0.358883800
0.358654500
0.361960200
0.358844400
0.358823800
0.361062200
