1.100753000
1.087445100
1.080434700
1.098456900
1.081845400
1.113215400
1.104456200
1.075806500
1.080687200
1.095265700
1.072769700
1.113525500
1.083267900
1.078805100
1.075913800
1.078583700
1.097874600
1.093831200
1.097081300
1.091152100
1.084751700
1.087896000
1.106166400
1.123110900
1.098760100
1.101101500
1.093805900
1.099907000
1.084910000
1.085015200
1.084299500
1.128983100
1.121522200
1.092230800
1.085380200
1.085607600
1.084102000
1.092436300
1.093750500
1.084832700
1.107603700
1.107670800
1.101750200
1.081887700
1.087848600
1.085223600
1.079299900
1.086118800
1.087525100
1.111517900
1.085717400
1.093354500
1.105500900
1.087969600
1.095287000
1.096368600
1.080348000
1.079100600
1.078146900
1.097442400
1.105866900
1.127915500
1.081020900
1.082899900
1.078809000
1.082375000
1.079231000
1.094876800
1.095815700
1.102606600
1.127214600
1.084845400
1.100307800
1.096127200
1.090872400
1.105228800
1.117994800
1.092513200
1.111798000
1.120124000
1.110989200
1.122882100
1.111852000
1.087388800
1.106555700
1.100406500
1.090183700
1.083501900
1.124689900
1.129634400
1.138967200
1.081198800
1.092981700
1.092720500
1.089409800
1.083905200
1.133892800
1.119208700
1.123771700
1.110169600
