0.036105500
0.034271500
0.036465500
0.034178800
0.034113900
0.034170000
0.034211200
0.034193900
0.034720900
0.034834500
0.034488500
0.034522800
0.035522600
0.034478500
0.034051000
0.034609000
0.034116200
0.034121900
0.034182000
0.034128600
0.034173100
0.034127100
0.034168300
0.035009700
0.034288700
0.035461200
0.036321500
0.034701100
0.034148000
0.034155600
0.034125600
0.034968900
0.035074200
0.034134900
0.034134400
0.034110800
0.034134500
0.034766400
0.034856600
0.034946600
0.034168800
0.034332300
0.034160600
0.034151500
0.034154400
0.035525500
0.034148800
0.034132700
0.034130200
0.034096200
0.034134200
0.034117100
0.034118700
0.034224500
0.034157400
0.034164700
0.034138000
0.034182700
0.034163800
0.034172700
0.035091000
0.034155500
0.034616200
0.034138900
0.034170500
0.034141300
0.034942100
0.034211400
0.034940000
0.035383400
0.035365300
0.034154700
0.034054100
0.036008300
0.034190400
0.034157700
0.034177100
0.034131200
0.034201200
0.034177400
0.034640300
0.034138100
0.034125900
0.034268000
0.034181900
0.034181900
0.034107000
0.034118500
0.034121200
0.035281600
0.034143300
0.034126500
0.034084300
0.034112600
0.034106000
0.034888300
0.034211600
0.034722200
0.034115700
0.034637300
