0.086245600
0.084109400
0.084296500
0.084738200
0.082213400
0.080587800
0.081082800
0.083040100
0.082818000
0.084951200
0.085710100
0.087645600
0.084242800
0.085055400
0.085458000
0.085181500
0.082493900
0.086873200
0.083093800
0.083125100
0.081386200
0.085461800
0.083334700
0.082460200
0.082001100
0.083754100
0.087111200
0.081485400
0.082615400
0.087377200
0.087061100
0.083826900
0.081415400
0.082170400
0.084305100
0.082173700
0.082149100
0.082374300
0.085416400
0.085889700
0.084933200
0.084220500
0.081696600
0.081937000
0.085535800
0.084056300
0.081093300
0.082194500
0.083608000
0.085055200
0.082405700
0.084405500
0.083163800
0.083415100
0.082526600
0.082075600
0.085572900
0.086491900
0.086007200
0.082675700
0.085607000
0.086663400
0.088103900
0.085937900
0.087054000
0.085174400
0.080912700
0.081157800
0.081985000
0.083570300
0.086393600
0.086942900
0.086717100
0.087212600
0.085289700
0.084291700
0.085450900
0.081693600
0.083358700
0.082886600
0.084263500
0.083220600
0.082360700
0.084601700
0.086956300
0.087340000
0.085175100
0.082306200
0.081978000
0.083679300
0.084281000
0.086045200
0.085288300
0.082063100
0.083647800
0.084379300
0.084573400
0.087197600
0.087893200
0.089672000
