0.039965200
0.037036800
0.037637100
0.038055500
0.035608000
0.042786400
0.039081600
0.036600500
0.037410900
0.037259700
0.036584500
0.037030800
0.039986900
0.035878600
0.062467100
0.047616100
0.043540600
0.042322500
0.041292100
0.037291300
0.042451600
0.042375300
0.044781100
0.040822200
0.040958100
0.038807300
0.038299600
0.043583700
0.043256700
0.043165700
0.038455600
0.041517100
0.042120600
0.048246800
0.054081900
0.044342200
0.043486500
0.048880600
0.044538000
0.044437000
0.043910100
0.040086600
0.040215000
0.041516900
0.038190100
0.035055600
0.036272700
0.035826000
0.037059600
0.040475700
0.042138600
0.042405700
0.040347200
0.040732100
0.038982800
0.036351900
0.039319400
0.035863300
0.036194300
0.037281600
0.037222000
0.036359800
0.040287200
0.037777700
0.042019900
0.038194000
0.036221500
0.035887800
0.035812900
0.035592800
0.035953400
0.037001400
0.037391000
0.037339300
0.037499600
0.038721500
0.036445700
0.037043900
0.037351800
0.035128500
0.036172200
0.035480100
0.035868300
0.035428300
0.041280100
0.049845000
0.043145500
0.041972900
0.041238100
0.039135100
0.039012200
0.039172300
0.037247300
0.039952100
0.037210400
0.036422900
0.041556900
0.035272400
0.035365600
0.035274800
