0.020902440
0.020836595
0.020837547
0.020701518
0.020521215
0.020796320
0.021574367
0.020790708
0.020449990
0.023110817
0.020979697
0.022271814
0.024745715
0.022194034
0.023953158
0.022537187
0.020685618
0.020762656
0.021235032
0.022215881
0.020766221
0.020953707
0.022234597
0.020495938
0.020772804
0.020523810
0.020621887
0.020563045
0.021951745
0.021516589
0.020836815
0.020464096
0.020879746
0.020476901
0.020476921
0.020727338
0.020580248
0.020738979
0.021075013
0.021216012
0.020669597
0.020468686
0.022061523
0.020586780
0.020978214
0.020977433
0.020691088
0.022251534
0.020616818
0.020433268
0.020539791
0.023236817
0.047795487
0.020411447
0.020859830
0.020722407
0.020610636
0.020772493
0.020778855
0.020789136
0.021697020
0.022893545
0.023007911
0.020895827
0.022624122
0.020456022
0.024203655
0.020864167
0.020746544
0.020437817
0.020519253
0.021788945
0.020460230
0.020821867
0.020978985
0.020990327
0.020651825
0.022028370
0.020537276
0.020624252
0.020702039
0.020669688
0.021919934
0.020597199
0.020715595
0.020684857
0.022336025
0.021696921
0.023010367
0.020619232
0.020606828
0.020493924
0.022161203
0.022062605
0.021961895
0.034322623
0.020764638
0.020974216
0.020696308
0.022109500
