0.038227906
0.040076520
0.038082795
0.036925727
0.036828402
0.036847758
0.038304227
0.045041352
0.057572694
0.038277305
0.036927690
0.036911690
0.036798074
0.037066975
0.042528982
0.039454172
0.039049853
0.038124886
0.037059461
0.045613740
0.042068661
0.036879288
0.036798865
0.038040085
0.041028214
0.036806569
0.049413145
0.037091982
0.036818763
0.036867346
0.038841503
0.038069215
0.038632400
0.038383427
0.038800325
0.040593939
0.036900378
0.038549712
0.037049561
0.038395189
0.040534465
0.049763181
0.043165537
0.038610633
0.037660733
0.038154146
0.036906249
0.038701958
0.037582585
0.038657278
0.039471295
0.036916529
0.042353488
0.038761010
0.037050643
0.037807316
0.036957938
0.036879689
0.036919694
0.037834944
0.036919003
0.038160569
0.055193709
0.038638261
0.036994526
0.038083025
0.039406191
0.038482490
0.037045464
0.038320656
0.038416643
0.036940428
0.039117871
0.037073109
0.036840527
0.036792456
0.036806954
0.037367213
0.037900572
0.040192518
0.038046840
0.037507906
0.039435670
0.038039456
0.045356672
0.043943006
0.038008241
0.037894526
0.038141195
0.038115196
0.037471771
0.036895041
0.038343790
0.037626757
0.036807145
0.036747761
0.038470830
0.037838109
0.036869464
0.036968090
