0.020858207
0.021112511
0.020785028
0.020630385
0.020729564
0.020627249
0.020548749
0.020776403
0.020468467
0.020588786
0.020738611
0.020476433
0.020631146
0.020999065
0.020602022
0.020637618
0.020802582
0.022636739
0.021412005
0.021998284
0.020618123
0.020969849
0.021390710
0.020619646
0.020718151
0.020662826
0.020466584
0.020807492
0.020473286
0.020606519
0.020490590
0.020495538
0.020944661
0.020806291
0.020891310
0.020427960
0.020615658
0.020843399
0.020473617
0.020536617
0.020689729
0.020556354
0.020640945
0.020694457
0.020599075
0.020594656
0.020474249
0.020614064
0.020850393
0.020752528
0.020522690
0.020994526
0.020606068
0.020534824
0.020739792
0.020575380
0.020627620
0.021148780
0.020679668
0.020512021
0.020642698
0.020575189
0.020954506
0.020481161
0.020442147
0.020480630
0.020759421
0.020512531
0.020506219
0.020923272
0.020557496
0.021837649
0.022046477
0.020525606
0.020737858
0.020491311
0.020582193
0.020502171
0.020710598
0.020621157
0.020713202
0.020590880
0.020806410
0.020470861
0.020706810
0.020610258
0.020876231
0.020600748
0.021173748
0.020937258
0.020483726
0.020499336
0.020446655
0.020474528
0.020532599
0.020577195
0.020740653
0.020474348
0.020461865
0.021272615
