0.076430400
0.077553000
0.079217600
0.077744700
0.076815200
0.078194700
0.077878400
0.078261100
0.078686300
0.083969600
0.077957100
0.077061900
0.079251600
0.078190300
0.079337700
0.078288800
0.077030300
0.078239600
0.077942600
0.078276900
0.077115200
0.080089400
0.077339800
0.077033600
0.076978500
0.077416400
0.077436500
0.079074400
0.079461800
0.082888300
0.078858400
0.084697100
0.083526300
0.081735400
0.079014700
0.081117200
0.078551300
0.077128000
0.078129400
0.076240900
0.076291000
0.077344200
0.077059600
0.079851600
0.079223400
0.077125200
0.079583400
0.077029600
0.077365600
0.080005600
0.077416400
0.078636100
0.077217800
0.078442500
0.080380400
0.079287800
0.078420900
0.079767200
0.078053500
0.080094200
0.083867000
0.079361900
0.080380600
0.079365800
0.079780400
0.077805400
0.078091700
0.077856000
0.077564200
0.078364000
0.078790800
0.078341200
0.079685000
0.079628600
0.078117100
0.077526200
0.079061100
0.077758100
0.077397000
0.078263200
0.078321300
0.076859900
0.079422400
0.076976200
0.076688600
0.078660400
0.077341500
0.077295700
0.085716300
0.078414300
0.079047700
0.078836900
0.078981400
0.078108800
0.077385000
0.078410400
0.077790500
0.079590000
0.084399300
0.078030000
