0.000264400
0.000250500
0.000250600
0.000250500
0.000254200
0.000250600
0.000250600
0.000250500
0.000257400
0.000250600
0.000250600
0.000250500
0.000254200
0.000250600
0.000250600
0.000250600
0.000257100
0.000250500
0.000258900
0.000250500
0.000250800
0.000250500
0.000250600
0.000250500
0.000253700
0.000250500
0.000250600
0.000250600
0.000253900
0.000250500
0.000250600
0.000250500
0.000254200
0.000250600
0.000250600
0.000250500
0.000250800
0.000250500
0.000250700
0.000254200
0.000250800
0.000250500
0.000250600
0.000250600
0.000250600
0.000250500
0.000250600
0.000253700
0.000254200
0.000250500
0.000250700
0.000250500
0.000254200
0.000250500
0.000250700
0.000255100
0.000250600
0.000250600
0.000250500
0.000250500
0.000254300
0.000250500
0.000254500
0.000250600
0.000254600
0.000250600
0.000250600
0.000250600
0.000253900
0.000250500
0.000253300
0.000250900
0.000250500
0.000250500
0.000250600
0.000251000
0.000277000
0.000250500
0.000253900
0.000250600
0.000253900
0.000250500
0.000250500
0.000250600
0.000254300
0.000250500
0.000253800
0.000254300
0.000250600
0.000250600
0.000250500
0.000250600
0.000250500
0.000254100
0.000250500
0.000250600
0.000250600
0.000250600
0.000250600
0.000250500
