0.036480000
0.035498400
0.035487900
0.035415700
0.035493900
0.036683800
0.035718200
0.037414200
0.036078900
0.035515500
0.035408000
0.037202800
0.042524400
0.035432900
0.035410300
0.038770300
0.035502300
0.036287600
0.035381000
0.035463400
0.035939200
0.036613600
0.035488900
0.035417000
0.035375800
0.038339600
0.055923200
0.035373700
0.035496000
0.035401000
0.035478400
0.035446000
0.035431100
0.035473500
0.037414600
0.036693800
0.035447500
0.035407500
0.035441200
0.035337700
0.035713900
0.035453100
0.039890300
0.037078900
0.035390900
0.035448100
0.035424200
0.037008300
0.035462500
0.036343400
0.035457100
0.035299700
0.035297600
0.036875100
0.038963800
0.036349400
0.037144200
0.035518300
0.035476000
0.036329200
0.035389000
0.035346600
0.037015900
0.035500600
0.035468100
0.035483700
0.036421900
0.035470300
0.037154900
0.037816800
0.035501100
0.035452000
0.035456300
0.036908600
0.035509400
0.035484500
0.036434200
0.035494900
0.035757100
0.035412800
0.035411700
0.037861400
0.037179800
0.035481600
0.035399700
0.035395900
0.035470200
0.035426600
0.035424800
0.035454100
0.035557700
0.035480000
0.035453600
0.035462800
0.035426300
0.035455500
0.035453200
0.038934700
0.035482800
0.035448200
