0.189325800
0.184642600
0.205508800
0.187346900
0.180119100
0.184297600
0.184339100
0.182436300
0.186113500
0.183223500
0.186616400
0.175507200
0.179886900
0.180812200
0.197528300
0.182505000
0.184185600
0.183410800
0.183380300
0.187297000
0.179179600
0.181991200
0.185729300
0.181912400
0.182456200
0.186411800
0.182043300
0.191182400
0.187220600
0.184350000
0.182486700
0.187547300
0.163019900
0.152721200
0.143130600
0.133956800
0.128976500
0.123353100
0.113950300
0.126468000
0.110904800
0.112375600
0.109992100
0.112620500
0.113941600
0.115181800
0.112808000
0.112531300
0.114463400
0.113659900
0.112242700
0.112685100
0.111554800
0.110464900
0.111206400
0.112377900
0.112717600
0.143063000
0.112912100
0.113851000
0.113325000
0.112312600
0.113085700
0.112146900
0.110418500
0.111052900
0.128201100
0.110985700
0.113016600
0.110700000
0.142379000
0.110308600
0.111132100
0.114560500
0.118297200
0.108620900
0.114582700
0.113012000
0.111116200
0.112366000
0.112397800
0.114437200
0.116474300
0.112154000
0.111639800
0.112347400
0.113490400
0.111979400
0.108757500
0.113603700
0.113479000
0.115443400
0.132195100
0.113306600
0.111132900
0.110364500
0.113171800
0.112687200
0.114688600
0.110614000
