0.038491500
0.037898800
0.037872300
0.037857100
0.039084500
0.036701900
0.038273100
0.037248500
0.037026700
0.037006400
0.036923100
0.037002100
0.047474000
0.038567100
0.036710800
0.036706700
0.037408800
0.036616000
0.036661000
0.038318800
0.038247300
0.039866900
0.039050300
0.038505200
0.036758500
0.058550500
0.038352700
0.036739100
0.036671100
0.037711600
0.037575200
0.036616600
0.036701800
0.038083000
0.036724500
0.038437100
0.036697300
0.036634400
0.036684900
0.038337400
0.036777400
0.038992500
0.036715800
0.037642500
0.036708200
0.038315000
0.036690600
0.037586000
0.036690700
0.036635400
0.038098300
0.038283400
0.038405400
0.037957200
0.036728300
0.036691200
0.036647300
0.036657100
0.040716000
0.036725300
0.038094300
0.036765900
0.037984400
0.036613300
0.036680500
0.036560500
0.037256400
0.036698700
0.036677600
0.036692700
0.038707400
0.037003800
0.037077900
0.036936200
0.036954000
0.037042100
0.036942300
0.040331100
0.036705300
0.038857400
0.036678200
0.038761700
0.036669500
0.036664300
0.036689200
0.038060900
0.036993000
0.038273200
0.036717000
0.036666600
0.036689900
0.036606000
0.038763000
0.041302700
0.038075200
0.036743200
0.038772900
0.036883600
0.036721400
0.037693900
