9.105176200
8.987223200
8.988679400
9.057850300
9.037193800
9.041528000
9.096839100
9.076341500
9.060875500
9.116913300
9.059523700
9.113061500
9.142709800
9.085945100
9.062925100
9.045649800
9.076900100
9.067844100
9.045992700
9.065461100
9.077425300
9.069497100
9.048259700
9.039514000
9.042349600
9.045587100
9.060312700
9.037433600
9.024357500
9.051802800
9.073103900
9.053314000
9.056318600
9.151541300
9.088959400
9.100522100
9.060012900
9.063074700
9.065314800
9.082476200
9.073219200
9.073335000
9.098248400
9.064070200
9.091245800
9.074760400
9.094916400
9.143122300
9.112904600
9.092995300
9.074361200
9.091957900
9.105592500
9.125773200
9.080691300
9.089958400
9.076876500
9.106558300
9.062581500
9.044202900
9.057347900
9.063788100
9.098345200
9.099420200
9.099274100
9.101793600
9.074193200
9.069315400
9.081751700
9.073951700
9.059709500
9.076813100
9.072175500
9.168731100
9.234475100
9.115592200
9.089392200
9.083454200
9.123485900
9.108876400
9.086898200
9.083541600
9.109628800
9.155408200
9.095123500
9.147094700
9.118695400
9.395518100
9.083793400
9.082412300
9.126858800
9.085787000
9.068413600
9.054360000
9.065465700
9.064669200
9.055048500
9.050131200
9.056592900
9.070131300
