7.264331800
7.293562600
7.312173700
7.555483600
7.158749300
7.176324700
7.144975500
7.151257000
7.168026600
7.132786200
7.147542000
7.158689100
7.401057600
7.393834000
7.278205200
7.322478100
7.258212700
7.211713500
7.234206900
7.248183400
7.147306000
7.164501900
7.198262400
7.203570000
7.150337600
7.213995000
7.187581900
7.180745400
7.161118500
7.153076200
7.184969100
7.174493500
7.172514400
7.180447000
7.174018800
7.161889200
7.192026800
7.218898500
7.176036300
7.203987000
7.195883700
7.202655500
7.173036800
7.164096900
7.182890200
7.159306900
7.165975800
7.192137800
7.171869700
7.153331400
7.154333400
7.159176100
7.174297900
7.178981700
7.180785800
7.212677200
7.173444800
7.166156300
7.176389400
7.189508000
7.220895300
7.183851600
7.173344900
7.178471700
7.159745700
7.183876300
7.170683100
7.171269400
7.174134000
7.180707600
7.209336100
7.162287700
7.175280600
7.169609000
7.162285800
7.181912500
7.163132200
7.182538400
7.173452100
7.157105500
7.191775800
7.193249300
7.249748000
7.251793200
7.237653400
7.295550900
7.276929500
7.255120500
7.255257700
7.264348300
7.238793800
7.252666600
7.265689000
7.230050900
7.247362700
7.247291900
7.238756000
7.304375000
7.303577800
7.308577200
