7.065451600
6.955609900
7.044028800
7.045130500
7.068183200
7.118812900
7.044016800
7.071772800
7.109464700
7.111448800
7.044029600
7.064920700
7.062677400
7.040440300
7.032549800
7.059412500
7.051042300
7.071404700
7.041330600
7.032985000
7.091355100
7.165809500
7.044066100
7.041385000
7.061978500
7.027364100
7.045281500
7.047203400
7.037597500
7.046764000
7.046716200
7.023151600
7.027259400
7.071187000
7.080216200
7.058484500
7.056677800
7.097146400
7.027714700
7.028863100
7.073597300
7.107146700
7.145072300
7.132998200
7.123566500
7.132939300
7.158579900
7.166224100
7.142992300
7.164171100
7.187991200
7.153335600
7.134331400
7.179937800
7.173531100
7.190533800
7.181124200
7.190082500
7.188443500
7.214043400
7.171204500
7.132384100
7.156512900
7.229023500
7.179914900
7.160469300
7.133460300
7.123968400
7.129558800
7.121263500
7.119290700
7.139397700
7.166367800
7.180154300
7.167856000
7.244631300
7.223988200
7.152971700
7.140993700
7.164637500
7.251813200
7.201114900
7.251578200
7.189070700
7.421432800
7.220864500
7.163989200
7.142622400
7.144781800
7.130969300
7.137588900
7.153822200
7.130450800
7.142776100
7.133886200
7.139043800
7.167534600
7.145546400
7.148332700
7.146603100
