0.209760102
0.209824625
0.210494283
0.211943744
0.209618440
0.209774717
0.210988058
0.209520425
0.209497009
0.209502409
0.209504764
0.210655631
0.209542285
0.209537004
0.209581792
0.209476781
0.212869839
0.209565670
0.209481530
0.209406327
0.209516356
0.212570000
0.209547725
0.209673154
0.209564147
0.209538357
0.210727187
0.209495085
0.209462614
0.209469637
0.209530683
0.210427723
0.209526725
0.212230739
0.210523880
0.210443133
0.209526205
0.209575789
0.209758055
0.209444048
0.210551511
0.209446400
0.209629229
0.209488080
0.209456039
0.210598942
0.209758885
0.209617808
0.209694472
0.212117111
0.211811851
0.210258615
0.209888811
0.209815042
0.210464070
0.211369495
0.209681629
0.210269825
0.209775808
0.210629018
0.209591908
0.209642143
0.211088562
0.210867717
0.210861911
0.209709602
0.210501716
0.209798160
0.209862360
0.211206205
0.209804221
0.209773693
0.210205264
0.209848735
0.210653380
0.209609841
0.209511726
0.209468683
0.211701688
0.210585797
0.210382527
0.209830708
0.209743340
0.210375773
0.210903457
0.210462719
0.210469075
0.210322017
0.210537397
0.210011310
0.209559051
0.209965879
0.210530769
0.210889946
0.209549574
0.209465352
0.209520077
0.209502835
0.210597355
0.209513855
