0.258080787
0.257772382
0.258382261
0.260850845
0.257810854
0.257680527
0.257854968
0.259482994
0.258541243
0.257991309
0.257860476
0.259331728
0.257546479
0.257543162
0.257556959
0.266381968
0.257806122
0.257803328
0.257813426
0.260067444
0.258446360
0.265228035
0.261819841
0.259271490
0.259985062
0.257672307
0.259902988
0.257784804
0.258438841
0.257709090
0.258786603
0.258479043
0.258423539
0.259986600
0.259501647
0.257797318
0.257789081
0.257831673
0.258925231
0.257803109
0.259568324
0.257652784
0.258409155
0.257695014
0.258765458
0.257991336
0.259445972
0.258216406
0.258449527
0.257758815
0.259198591
0.258187048
0.258044187
0.258636282
0.259273973
0.258645380
0.257893701
0.259771099
0.258878794
0.257821373
0.257845068
0.257768383
0.259647014
0.257754145
0.258891588
0.258855590
0.258729104
0.257623286
0.258666021
0.258300849
0.260680173
0.258117976
0.258481330
0.264237236
0.257672533
0.257832838
0.257748798
0.260324589
0.257770520
0.257727868
0.257851374
0.260983497
0.257732136
0.257886740
0.257701088
0.258383074
0.257506348
0.257684711
0.257909694
0.259788169
0.260182894
0.258051203
0.257947677
0.259709816
0.259407892
0.259235774
0.259017690
0.259144195
0.257517829
0.257521015
