0.205691856
0.206642900
0.205867540
0.205996154
0.206251962
0.205966649
0.205579555
0.205423680
0.206571416
0.205190767
0.205465920
0.206234491
0.205600906
0.207544425
0.205597249
0.205249979
0.205929661
0.205652115
0.206967194
0.205226565
0.205728650
0.206022268
0.206158016
0.206780684
0.208603113
0.205814022
0.205606407
0.206484605
0.207468837
0.206427077
0.207047707
0.206451764
0.205661232
0.208122971
0.205819192
0.207992091
0.205995035
0.205992601
0.207655743
0.205932176
0.206885798
0.206371992
0.205882803
0.207118507
0.205144248
0.205657162
0.207218917
0.206020263
0.208243169
0.205882461
0.207076606
0.206936866
0.205841073
0.207204309
0.205860269
0.205665318
0.207037468
0.207360045
0.205395617
0.205900526
0.205555929
0.205633588
0.206972890
0.205838679
0.208291401
0.205056240
0.205864999
0.207456238
0.205757484
0.205534961
0.205653696
0.205647780
0.207190157
0.205701308
0.206749881
0.205430903
0.205476279
0.206826235
0.205738267
0.206826160
0.205411496
0.205277049
0.206954189
0.206886114
0.206604033
0.206658652
0.206650288
0.206240082
0.206165840
0.205840802
0.205504072
0.205742686
0.206849030
0.207352016
0.206435222
0.205626304
0.205371591
0.207305071
0.207265706
0.205700117
