0.347859000
0.340803100
0.346234900
0.345546300
0.349695200
0.348844200
0.347076500
0.342783000
0.350336800
0.345011800
0.348283300
0.347562700
0.344443600
0.342807000
0.351147300
0.343077500
0.343639700
0.346485800
0.348912700
0.349182500
0.345893900
0.342735200
0.345606100
0.346260800
0.344032500
0.351852400
0.349549300
0.343929000
0.348096300
0.345714300
0.344296900
0.349050400
0.348285500
0.344940200
0.344860200
0.346928700
0.344681800
0.344352300
0.347486700
0.346603100
0.346979300
0.344316900
0.346817600
0.351714100
0.345680000
0.346773900
0.346375700
0.345323800
0.348393700
0.346537200
0.343321800
0.344060500
0.343373500
0.344640200
0.348565000
0.348708900
0.342996800
0.348396700
0.348542000
0.345543400
0.346271000
0.348354500
0.347940000
0.346089600
0.343860600
0.349592400
0.349392200
0.350406000
0.348099700
0.344933400
0.348490900
0.347656900
0.345381100
0.345470100
0.347156500
0.346755700
0.347924400
0.344677900
0.345874500
0.344205000
0.344258500
0.347569100
0.344531200
0.346125900
0.346750000
0.348260500
0.348528500
0.344290900
0.347758700
0.347126700
0.347736100
0.347367700
0.345731200
0.346921100
0.353798700
0.351051600
0.348464500
0.345477100
0.345377300
0.345528600
