0.341885700
0.338375600
0.346617300
0.343754900
0.344592800
0.347021000
0.345013400
0.343591600
0.345562400
0.343798900
0.343647700
0.346282200
0.348808800
0.345298700
0.346451300
0.347353500
0.342274800
0.346958700
0.340292500
0.343538000
0.344844700
0.344149100
0.348039900
0.344432500
0.346913700
0.345211800
0.346130600
0.349409800
0.345617100
0.342342300
0.342789400
0.344811600
0.342702900
0.341071800
0.347945600
0.341077500
0.342787800
0.345283100
0.348055900
0.343559800
0.343689500
0.346065100
0.342720600
0.345223000
0.344399700
0.344262600
0.347438100
0.348075800
0.342526200
0.348597100
0.342426300
0.341788700
0.344749200
0.343402800
0.342548900
0.348274800
0.345912000
0.343816100
0.346729600
0.342846200
0.346180600
0.346443000
0.344670100
0.344722300
0.344293400
0.343568100
0.344921600
0.345678300
0.345000300
0.346765000
0.346934400
0.342408300
0.342366300
0.342878100
0.345642100
0.347934200
0.343956300
0.342264600
0.345924100
0.342842200
0.344298800
0.344690100
0.348106800
0.344346000
0.346306600
0.345596100
0.342058800
0.345873400
0.342495600
0.346500800
0.344240300
0.343946600
0.346095500
0.341805700
0.345161300
0.346951800
0.342978200
0.344063900
0.345013400
0.344788700
