0.826040400
0.794223000
0.809573700
0.781821800
0.824637200
0.816406400
0.878075400
0.804671800
0.973000100
0.812101300
0.792892100
0.803909200
0.788751000
0.812072500
0.804001000
0.822261700
0.794128800
0.805222100
0.832825100
0.802128500
0.860214100
0.871855800
0.913543400
0.898941200
0.912794100
0.808001800
0.806781000
0.789490000
0.782326600
0.800188300
0.805102000
0.812195800
0.829085300
0.805442700
0.848732800
0.895270100
0.901018500
0.797366800
0.813706500
0.792415100
0.800648600
0.784367300
0.796680600
0.835593800
0.871747600
0.864193300
0.913996800
0.910405400
0.824023100
0.840495300
0.787812000
0.795921500
0.781052100
0.794157600
0.811252700
0.820199500
0.799567900
0.809751900
0.820381500
0.783314200
0.781372000
0.800835500
0.799174600
0.818873600
0.826353500
0.783163800
0.817565600
0.789320400
0.817799000
0.792291800
0.790999100
0.803053800
0.784715300
0.809544000
0.826758700
0.811799600
0.849845200
0.952542900
0.848584200
0.853863000
0.825424400
0.807125700
0.820916100
0.806628000
0.780194800
0.790205700
0.805029300
0.816458700
0.788055000
0.908553000
0.812154700
0.858976400
0.884016000
0.869838600
0.851759900
0.815447500
0.786957100
0.786549300
0.807853100
0.841774800
