0.748973400
0.733113700
0.751960100
0.721706900
0.748244200
0.742338400
0.742451700
0.748698200
0.740441900
0.733811100
0.735716400
0.761384100
0.732811600
0.759899300
0.765696000
0.742909800
0.773627700
0.752930700
0.727539100
0.720151600
0.719067700
0.731336300
0.725273000
0.740932500
0.749961900
0.723287800
0.723081100
0.740391000
0.715467800
0.727796700
0.727804900
0.717288300
0.736304800
0.725551700
0.734347700
0.754246000
1.205240100
0.812066100
0.768820200
0.767279900
0.815206600
0.746505900
0.763279900
0.760031400
0.787269500
0.797497100
0.787060300
0.786416700
0.791874400
0.791514100
3.297069800
2.849262700
1.054452500
0.775758500
0.773360600
0.730271800
0.742157800
0.707706400
0.716364000
0.698125000
0.698272900
0.721154100
0.698423700
0.720107400
0.699014300
0.702005100
0.717899100
0.714659100
0.715870900
0.698441600
0.708304200
0.720978000
0.739499600
0.724619100
0.716096400
0.787508600
0.731478500
0.709752900
0.702489800
0.718279800
0.712125900
0.714304700
0.709202200
0.711443400
0.723470900
0.716120300
0.710838700
0.721826200
0.731523900
0.731982100
0.726042100
0.725898800
0.730038500
0.718574800
0.721757400
0.751919100
0.710840700
0.720828600
0.716411900
0.720376400
