0.869621800
0.858286800
0.864519900
0.864885200
0.872936200
0.866299900
0.863472100
0.868412800
0.865278500
0.867167800
0.866322600
0.866406900
0.867696700
0.862513600
0.869415700
0.863931200
0.866017800
0.866607100
0.868328500
0.869180700
0.867240600
0.866136400
0.866640100
0.866588300
0.866741800
0.862378100
0.868542900
0.864918400
0.870081100
0.873168300
0.868752500
0.868086600
0.864984200
0.869559400
0.863811000
0.866719200
0.862116300
0.864796200
0.863051400
0.864681100
0.871539100
0.864209500
0.866708100
0.867370300
0.863046900
0.868083300
0.864125700
0.870596500
0.865550900
0.868821300
0.863784600
0.865890500
0.866750400
0.865764800
0.865796200
0.866952900
0.868134300
0.866078700
0.870038300
0.866271700
0.863660600
0.869049200
0.870600100
0.867066000
0.865348200
0.863181500
0.866395000
0.865756700
0.864387300
0.869853900
0.867110700
0.868635000
0.867946500
0.868453300
0.865596200
0.877237800
0.867457600
0.863020400
0.864598400
0.870294600
0.867552500
0.865460700
0.867144000
0.866631200
0.865781600
0.868641200
0.864749300
0.864243900
0.864581000
0.867933000
0.864764700
0.866251000
0.867628600
0.862595600
0.863741700
0.869229000
0.866759500
0.863760100
0.865233700
0.865325300
