0.693677600
0.680495100
0.690039100
0.689963200
0.698801800
0.708016200
0.693584500
0.684075000
0.685742300
0.689480000
0.701502500
0.832287200
0.701761900
0.682410200
0.692424200
0.689969500
0.690611300
0.696093100
0.697131600
0.689202800
0.693709700
0.689730600
0.686741200
0.688773800
0.696044900
0.684079100
0.683753300
0.684702700
0.684839000
0.683954800
0.687982000
0.724146200
0.689338200
0.693308500
0.691100100
0.717187900
1.085854500
0.783826300
0.696518200
0.729849000
0.738964500
0.703474500
0.730087900
0.697664600
0.688936300
0.690679500
0.690924600
0.697905200
0.696464000
0.688501000
0.696350700
0.686006200
0.689224200
0.688840900
0.689129900
0.683434100
0.683335000
0.685059800
0.689780200
0.684562200
0.684543300
0.688126400
0.683491400
0.688714400
1.039228600
0.689976100
0.683232700
0.685225400
0.690570200
0.682111200
0.688570600
0.684140100
0.684307700
0.692393700
0.690987700
0.688867300
0.685564800
0.683820200
0.684873300
0.684383700
0.694714500
0.685792500
0.697160700
0.689901400
0.684597700
0.689127800
0.682387300
0.696586200
0.683996000
0.698441200
0.695099800
0.688909300
0.691523800
0.692309300
0.685797900
0.686439800
0.690507200
0.688033300
0.690173100
0.686679800
