0.132254600
0.131327500
0.129105700
0.131943300
0.137513900
0.166572100
0.146390400
0.138284900
0.176994000
0.143497700
0.133616800
0.136094300
0.134827100
0.131259800
0.132949300
0.134772600
0.142515400
0.183376200
0.141004300
0.142161600
0.136705200
0.173536400
0.135027300
0.132219500
0.131532200
0.130493200
0.130481400
0.135423800
0.131601400
0.131033700
0.134035000
0.131475200
0.130903400
0.129094700
0.131858200
0.131958400
0.134495800
0.133049300
0.135890600
0.129859200
0.133216900
0.136315300
0.134195400
0.130850700
0.164227200
0.144391400
0.135046800
0.127895300
0.135732000
0.134318400
0.131401400
0.136921400
0.135329600
0.178313000
0.137136100
0.134364900
0.135064900
0.140868000
0.152763700
0.144876400
0.137635500
0.132877000
0.138566200
0.138503500
0.135808400
0.140416500
0.137880400
0.136154800
0.140504800
0.133496400
0.133845700
0.137846900
0.134994700
0.139332300
0.137131400
0.134114800
0.139870800
0.138334200
0.137564100
0.136184400
0.136028900
0.135019400
0.131636400
0.135091200
0.134527700
0.137064300
0.136493200
0.134383600
0.133752000
0.134058700
0.135378000
0.136390100
0.134787400
0.135614200
0.133689400
0.143411700
0.136383100
0.137461500
0.136813100
0.136440000
