0.156283700
0.158492100
0.157468200
0.158940200
0.155570000
0.153419700
0.155415400
0.156232300
0.158521800
0.152018500
0.151050500
0.153251800
0.157275600
0.156919500
0.156661600
0.156623000
0.156450000
0.156184600
0.154897100
0.155447400
0.156404000
0.156451700
0.156215000
0.152798000
0.159815800
0.158161400
0.157591900
0.155754000
0.160141400
0.152637800
0.152800000
0.152455100
0.152961300
0.154936800
0.161764800
0.159556900
0.154361200
0.155838000
0.154096200
0.153875000
0.159237800
0.157331600
0.154756000
0.155270500
0.154517300
0.155062800
0.158030400
0.160230400
0.158471300
0.156573700
0.156403100
0.155079200
0.157235700
0.156592400
0.155472100
0.156178300
0.156412300
0.155745100
0.156251700
0.153901200
0.157825900
0.156424100
0.155670300
0.160444300
0.154707800
0.155247400
0.151968200
0.157956500
0.155320200
0.153374500
0.157437300
0.153532300
0.160229000
0.158003700
0.162142800
0.160605100
0.160450100
0.157437200
0.158973200
0.151931300
0.154010700
0.157742000
0.158550300
0.159000300
0.155955100
0.155826700
0.159158700
0.154408700
0.156125700
0.154202300
0.156711000
0.157994200
0.157022500
0.155036800
0.158744000
0.159227100
0.161192800
0.156059900
0.154442000
0.152262200
