0.130981900
0.132294900
0.127811800
0.131015300
0.127133300
0.129786600
0.139486400
0.135757400
0.135041600
0.136924500
0.135431900
0.133364800
0.127150500
0.130513300
0.135513700
0.132068000
0.130192300
0.131321700
0.130815100
0.131809000
0.132583800
0.131390600
0.133500500
0.136026700
0.135966400
0.135147000
0.132877800
0.130722500
0.132338300
0.131551600
0.136298000
0.132714800
0.130653600
0.132904100
0.131260300
0.130146100
0.131578700
0.133530400
0.136757100
0.132303700
0.132775200
0.132602800
0.131032400
0.130724300
0.133234200
0.132106000
0.135717300
0.130366100
0.131903200
0.135004400
0.133650100
0.133635900
0.132172300
0.132805500
0.129401100
0.131892000
0.129178300
0.130545700
0.132983100
0.134770900
0.136480000
0.138448800
0.135817300
0.136488500
0.133183500
0.138501100
0.134965800
0.137390700
0.136375300
0.135701600
0.137089100
0.137571800
0.136916300
0.136247300
0.135830200
0.138106900
0.138950300
0.138281200
0.137365300
0.139922400
0.137509200
0.131539200
0.133043600
0.134786400
0.138993800
0.132982600
0.136986700
0.136388600
0.135717900
0.139067500
0.133830400
0.135859200
0.136023100
0.137983100
0.137576300
0.138087000
0.138980600
0.137036400
0.140834900
0.139088600
