4.108826700
4.001840200
3.984906100
3.801823100
3.774644700
3.824277700
3.817228200
4.728645300
4.065138900
3.979266500
4.030634300
4.141540600
4.806974500
4.113577800
4.143809800
3.816894700
3.928936600
4.662382800
3.911338800
4.005423300
3.995419600
5.084387000
3.865434600
4.107144900
4.139170800
4.025143500
4.833209700
3.936888000
4.030704200
3.966364600
3.854774000
3.839485300
3.996011100
4.518006200
4.022016200
3.943603500
4.795169100
4.026063200
3.985913100
3.937240900
4.672706600
3.974279300
4.026107500
3.920493800
3.816009500
3.793014900
3.848022800
4.922860300
3.917416000
4.053156500
4.069653500
4.417872200
3.991276900
3.916322900
3.916907800
3.901129900
4.143854700
4.554148100
3.981349900
3.935401700
3.949755800
3.970104200
4.607744300
4.064362300
4.057924700
4.031344600
4.869191700
4.147108200
4.104550100
3.951522100
4.519523300
3.995782600
3.897836400
4.190662000
3.765811200
3.830001000
3.859692000
3.781919200
3.856174800
3.784252100
3.789773500
3.885634100
4.329642300
3.751543300
8.153713400
4.243277500
5.586152700
4.407617700
4.846013400
4.330633000
3.918092700
4.142338000
4.281890000
4.151346200
3.934551600
4.077331400
4.008190100
3.877170200
3.913042400
3.839080000
