8.431875700
8.177497500
8.395151900
8.331938600
8.345391000
8.322705300
8.346347300
8.369337000
8.321790200
8.325141500
8.296067900
8.326515100
8.336861100
8.327467600
8.314038400
8.310086400
8.289630700
8.291905700
8.300030700
8.294436300
8.302620400
8.314197000
8.309521900
8.305996100
8.306080200
8.284740200
8.311247400
8.308720600
8.305136200
8.312068600
8.360012000
8.330676700
8.352640100
8.345723200
8.287247700
8.308745600
8.379227600
8.321031600
8.319316100
8.315265000
8.320500800
8.328105200
8.303136900
8.305388100
8.313752200
8.296957100
8.295615700
8.273850600
8.286930200
8.307161900
8.323305300
8.313276600
8.325915500
8.330826200
8.344685000
8.340928900
8.346342700
8.294121100
8.304454400
8.302495100
8.275730400
8.340233100
8.290217100
8.296241500
8.308206500
8.310690100
8.310323700
8.345469500
8.321577300
8.310309400
8.288863800
8.333137300
8.346662900
8.320405900
8.320705400
8.309253100
8.316285400
8.339017000
8.307103200
8.308715900
8.309228100
8.313414600
8.316334200
8.334412100
8.331196300
8.309769200
8.295357200
8.320498800
8.290910500
8.322766400
8.326460100
8.281323700
8.301430000
8.282171900
8.308699300
8.305120700
8.281729700
8.312652300
8.287596100
8.325942800
