3.466061600
3.414154300
3.453836400
3.460204800
3.460725700
3.454677600
3.470176600
3.458345200
3.456099000
3.465385700
3.466133000
3.463087000
3.443214100
3.448100900
3.451178300
3.452448000
3.453111900
3.454817300
3.445598000
3.452236600
3.455724700
3.458420100
3.458014200
3.443137600
3.448073000
3.448552300
3.452166400
3.455666300
3.452496400
3.449681100
3.450114200
3.455163300
3.459318000
3.450425300
3.448141500
3.446426300
3.456750600
3.441596600
3.453265900
3.460646000
3.453397300
3.470053100
3.438469700
3.467537000
3.460244400
3.473420800
3.464726700
3.468853500
3.463973900
3.464113200
3.466675900
3.464337600
3.462825200
3.463417400
3.452760300
3.456973400
3.461721300
3.454825500
3.456970200
3.454255100
3.453892800
3.457335000
3.467075800
3.435456200
3.458263200
3.452263300
3.465153200
3.451802000
3.449506000
3.445130300
3.453030100
3.451852200
3.450996300
3.453056800
3.453055100
3.460942000
3.459560700
3.455673200
3.453935500
3.452985000
3.455081100
3.451840300
3.451880900
3.448692600
3.447148300
3.453874500
3.455517100
3.453651000
3.460081600
3.450155100
3.444943400
3.446506300
3.453290700
3.467157900
3.465733200
3.454747500
3.467318900
3.457000700
3.466170200
3.457277000
