0.594379800
0.582451300
0.584731000
0.582597000
0.626364400
0.605550100
0.628617500
0.609405200
0.602874500
0.585247600
0.569430300
0.601340400
0.620342300
0.628705900
0.623335300
0.628832000
0.612975500
0.618511100
0.628708600
0.588822300
0.567483200
0.602063300
0.627178600
0.629578000
0.625688100
0.583166300
0.582535800
0.598869600
0.613839600
0.624899400
0.624165200
0.605546400
0.614293600
0.628154400
0.610922000
0.613778800
0.599956700
0.625824800
0.586080300
0.604769600
0.617030500
0.628242300
0.629687600
0.610711400
0.621518100
0.594336600
0.582778900
0.612835200
0.631400800
0.628352200
0.629501200
0.625313600
0.622319800
0.619741300
0.582608100
0.602335400
0.629416300
0.627344100
0.603917800
0.582551900
0.604903800
0.627657200
0.590472700
0.583580600
0.578100900
0.624796100
0.626337800
0.630830100
0.626451300
0.626867600
0.604246000
0.582714200
0.584021700
0.584020200
0.582992900
0.585059700
0.582605400
0.583931700
0.613917000
0.625058300
0.600836600
0.627544600
0.626600600
0.626135700
0.628116600
0.630218400
0.621515300
0.601374500
0.623884900
0.625663200
0.628800500
0.628400500
0.626083200
0.624780800
0.594626700
0.584491700
0.584065500
0.628735700
0.623014200
0.625080000
