0.671899500
0.663773300
0.660359400
0.663391700
0.665856100
0.666171600
0.666543700
0.664763000
0.662012900
0.660218600
0.661613500
0.661450400
0.659629500
0.661557700
0.668940200
0.667471200
0.662838000
0.662014900
0.659976400
0.662906000
0.672241600
0.660985400
0.680086000
0.662893700
0.664954600
0.675004800
0.669146300
0.664644300
0.663735400
0.658550300
0.665335200
0.667698800
0.668906500
0.668020000
0.671176100
0.660167300
0.663768400
0.678425700
0.663276100
0.667301500
0.664600800
0.659940500
0.660843600
0.666822900
0.678535000
0.665811400
0.663738400
0.666217900
0.665216100
0.668541900
0.685172800
0.668065400
0.661771200
0.660137600
0.660969500
0.661529500
0.659790500
0.661149400
0.662289300
0.660030200
0.664714300
0.666258500
0.664939000
0.663550900
0.659148600
0.661460300
0.661254100
0.660363500
0.662571900
0.660875700
0.660812000
0.667790500
0.674222400
0.660562800
0.661443500
0.676600400
0.663506100
0.667646700
0.670969700
0.677506400
0.666809200
0.661219100
0.660250100
0.661014100
0.661184700
0.659939800
0.661383600
0.661092200
0.660324200
0.665344300
0.669689400
0.668255200
0.664626400
0.661998900
0.666026100
0.678235300
0.684951200
0.667003000
0.662259500
0.682985200
