0.615361200
0.604336000
0.612130400
0.638295800
0.630028400
0.589720300
0.606331400
0.612435200
0.622214500
0.639583900
0.637353200
0.638166700
0.635348200
0.621121700
0.615206400
0.638380100
0.594691700
0.594626100
0.592796100
0.598475100
0.616606200
0.632554100
0.635277600
0.637256800
0.605356500
0.593245500
0.604078500
0.608595100
0.616249800
0.601421200
0.634457700
0.594241800
0.595886500
0.621683900
0.618122200
0.641073300
0.641175200
0.639903100
0.623507000
0.594142000
0.620445000
0.633642900
0.634548500
0.631890200
0.636600400
0.638542400
0.625406500
0.638144200
0.615496500
0.624778000
0.601124900
0.597285900
0.592512500
0.599784800
0.621838100
0.596625000
0.607926200
0.642074600
0.639699600
0.640996600
0.638741200
0.618800400
0.632647400
0.643210200
0.625652300
0.639339200
0.639054800
0.641792600
0.624588200
0.630666300
0.612205600
0.642201800
0.639896800
0.591372500
0.604490200
0.608035700
0.609633800
0.590804700
0.613560300
0.643801800
0.639853400
0.610193000
0.602914400
0.638799200
0.642423200
0.639138600
0.597148700
0.593200800
0.589856800
0.610070600
0.640551700
0.641223700
0.636465600
0.640299100
0.609638000
0.587770700
0.594131300
0.599843100
0.620227100
0.603683200
