0.063800100
0.062720200
0.058279700
0.059222900
0.059406700
0.058544700
0.059741200
0.056988800
0.061311000
0.059072400
0.059292900
0.058711600
0.066044100
0.061798400
0.060231500
0.071056300
0.059458200
0.061774200
0.058659500
0.064780900
0.065427200
0.061303200
0.063449500
0.061183300
0.062619400
0.062996000
0.060811300
0.057204900
0.064976500
0.062140500
0.062570200
0.061776100
0.058044600
0.064833800
0.059285000
0.060889900
0.057167000
0.064754700
0.064668200
0.061179000
0.061903300
0.058598300
0.059558800
0.057145600
0.062486100
0.064401900
0.061528500
0.059107000
0.078574400
0.060820000
0.059398700
0.059527500
0.060870000
0.063379900
0.060630300
0.061000800
0.061113400
0.059407100
0.061653100
0.065255200
0.061371300
0.059955600
0.064033000
0.060062800
0.062017100
0.060175100
0.060644200
0.073864800
0.058206300
0.061258200
0.057647600
0.059940900
0.060592400
0.062980100
0.062136800
0.060163400
0.061651400
0.057752000
0.060763400
0.064255900
0.061939300
0.065091300
0.063478100
0.059457400
0.060732700
0.063992400
0.060418500
0.061421200
0.058479400
0.063550800
0.061712500
0.059641300
0.059535700
0.059394100
0.091724800
0.061167700
0.062793900
0.061002500
0.060490900
0.062393300
