0.068138500
0.059357800
0.063182200
0.060286500
0.062724900
0.061267800
0.066547400
0.060701200
0.058099500
0.061109500
0.057226200
0.059752700
0.058676000
0.056589700
0.060860200
0.058397100
0.061003900
0.062608200
0.061230000
0.057340100
0.062176900
0.081464600
0.062971100
0.062129900
0.059118300
0.062067200
0.059650800
0.063179700
0.060742200
0.058997500
0.061301700
0.059988900
0.058743700
0.057836500
0.061026000
0.062505100
0.062106300
0.060466200
0.060779500
0.061970300
0.059377900
0.059508600
0.057812100
0.059523000
0.057579500
0.059319800
0.058148100
0.058025700
0.060558000
0.061515100
0.058596700
0.059434200
0.058938900
0.063265000
0.057307900
0.057685000
0.056836200
0.060284200
0.070269100
0.066732800
0.058551400
0.061774300
0.058820500
0.057192800
0.064310100
0.060950200
0.061894300
0.063130300
0.061159600
0.059687500
0.060715800
0.062463800
0.063017000
0.062299800
0.060410900
0.060691600
0.058580700
0.074947200
0.060749700
0.065507300
0.062265200
0.060662300
0.059108200
0.060539900
0.059661300
0.059062400
0.059480400
0.059003800
0.060222200
0.062015100
0.061396200
0.059120800
0.060307900
0.059507700
0.058765400
0.060978300
0.060588200
0.057609300
0.062463000
0.059977700
