0.060521800
0.059357100
0.061727800
0.060740200
0.059244300
0.060458700
0.060119900
0.059290700
0.061479400
0.061290300
0.061172300
0.059442900
0.058930400
0.060107500
0.061279100
0.059744300
0.059182600
0.060662900
0.061100100
0.061082500
0.060750700
0.059125100
0.059751200
0.062676400
0.058968300
0.060359400
0.060461400
0.061878200
0.060833300
0.059269400
0.059349000
0.061928500
0.061744800
0.059490200
0.059278200
0.059451900
0.061187400
0.058988600
0.059431100
0.061033600
0.062172400
0.061404900
0.059111500
0.059539100
0.059252600
0.059273100
0.060362100
0.058830100
0.062819100
0.059927600
0.061048800
0.059924300
0.059511000
0.059078400
0.060177900
0.059364000
0.062561300
0.063092700
0.060583600
0.059339200
0.059263600
0.060595000
0.062243500
0.061705400
0.059696000
0.060839000
0.059361300
0.059450200
0.060097500
0.063228900
0.059892700
0.059051300
0.060788800
0.063762900
0.061494300
0.062461800
0.061474100
0.059355400
0.062521900
0.062429200
0.058959100
0.059355000
0.059217900
0.059334000
0.059207400
0.058937400
0.061542900
0.059218700
0.059328200
0.059334900
0.061020400
0.060340400
0.060556500
0.061280300
0.059261600
0.059139300
0.060789900
0.061562600
0.060343200
0.059858700
