1.328544100
1.325450600
1.353531700
1.336133500
1.350063600
1.327481900
1.368584200
1.352902300
1.344881900
1.345922100
1.339805600
1.345617400
1.384119600
1.353426800
1.350563900
1.436735400
1.342945500
1.417999800
1.410901900
1.354373100
1.350774000
1.350811900
1.337988100
1.343411100
1.347718400
1.349070600
1.347201800
1.351863800
1.354048600
1.338744100
1.347868300
1.383819400
1.383583900
1.521179400
1.716720400
1.462192500
1.345122300
1.349538900
1.345990600
1.323252500
1.329893700
1.332560700
1.338159600
1.337862000
1.323753700
1.341844200
1.388125300
1.408745500
1.412340900
1.341789900
1.380772200
1.384442800
1.375321900
1.338901700
1.357074100
1.343480100
1.345931100
1.347212000
1.342544700
1.355996800
1.357897800
1.331481700
1.342084500
1.342175400
1.345632300
1.340314800
1.346898000
1.369672100
1.330182500
1.373295900
1.364649300
1.329062800
1.329512700
1.363937000
1.439045000
1.328749500
1.328377400
1.338968900
1.340843800
1.334311200
1.339930300
1.570751200
1.383149200
1.335631400
1.399225000
1.339986900
1.341230100
1.332113900
1.347742300
1.402334900
1.554086200
1.508243300
1.409351300
1.333528600
1.332205300
1.317344100
1.350692600
1.339323600
1.344415100
1.356196600
