1.563055000
1.542180000
1.548850400
1.556411300
1.588994400
1.585059700
1.582930100
1.574956600
1.579358700
1.592076900
1.584754600
1.580176700
1.580134700
1.603527200
1.596060800
1.595676100
1.604295800
1.581418600
1.583146600
1.581360800
1.588606900
1.578112100
1.606859700
1.581128300
1.596125800
1.588427500
1.586620500
1.565760800
1.591710000
1.588368200
1.576121500
1.577752800
1.579047400
1.592924800
1.605160100
1.581279000
1.593031600
1.605196000
1.596765500
1.595616900
1.576416000
1.594488200
1.606766700
1.586058800
1.588615100
1.563131200
1.566390900
1.595728500
1.584250600
1.596971900
1.587066400
1.574076200
1.584833300
1.609883000
1.583709900
1.598228200
1.589084800
1.603380200
1.585520900
1.592579100
1.604831400
1.582341300
1.587268900
1.592898400
1.595697100
1.598829600
1.599951200
1.599360900
1.546597000
1.541603100
1.536733300
1.527792300
1.544565300
1.539788100
1.534945100
1.551986600
1.627262100
1.554865800
1.543141200
1.542599100
1.551400800
1.551198600
1.556748900
1.528418200
1.552241900
1.557363800
1.569919600
1.577747800
1.561244600
1.569833200
1.545392900
1.558330600
1.548438000
1.556070700
1.514172600
1.537275500
1.566014900
1.528259900
1.571452500
1.531106500
