1.340800100
1.329745600
1.315976600
1.309039300
1.312983400
1.351753800
1.370550900
1.362148400
1.357528600
1.348212000
1.354077900
1.367408900
1.353359700
1.359664700
1.358803400
1.367240300
1.380601900
1.350314300
1.363653200
1.375692400
1.367852100
1.364528200
1.358723700
1.372936800
1.375662400
1.365164200
1.359713700
1.359758700
1.353276000
1.371131400
1.375447600
1.360862900
1.369986400
1.372446400
1.364196700
1.374272200
1.374255300
1.366749200
1.361637400
1.364153200
1.371064600
1.351347400
1.355631000
1.361554100
1.355504000
1.362747000
1.369911900
1.353161200
1.359631800
1.376553000
1.354628000
1.355589600
1.353042300
1.353274600
1.364290600
1.366239000
1.357450100
1.369014100
1.355448500
1.353642100
1.358419700
1.355282000
1.344903300
1.353444200
1.348129000
1.362809400
1.373704800
1.358361100
1.372915100
1.360502900
1.361063200
1.367219200
1.367810900
1.349177600
1.378355300
1.373047600
1.382553300
1.360436800
1.376041800
1.373321200
1.355254600
1.355989800
1.354967200
1.364742500
1.364227600
1.347222200
1.368624000
1.375933200
1.376840500
1.361111200
1.374143700
1.365544800
1.369508400
1.360399800
1.362996100
1.369438300
1.360719000
1.376754400
1.378958100
1.373680800
