0.025196300
0.025140200
0.025149500
0.025122800
0.025863100
0.027449500
0.025162200
0.025139400
0.025160900
0.025970100
0.025205700
0.025210200
0.026254800
0.025378200
0.025387600
0.026034400
0.025142000
0.025156300
0.025153400
0.025165900
0.025151800
0.025132400
0.025151300
0.025150900
0.025159300
0.025171200
0.025146400
0.025153800
0.025180300
0.025146200
0.025167400
0.026115900
0.026539200
0.025160000
0.025314600
0.025164500
0.025155600
0.025468200
0.025591000
0.025148000
0.025173600
0.025144700
0.025146200
0.025158100
0.025163800
0.025192700
0.025158100
0.025167900
0.025603600
0.025169800
0.025157000
0.025144500
0.026080500
0.026057300
0.025173200
0.025192300
0.025173600
0.025190300
0.025191300
0.025148300
0.025180900
0.025181500
0.025142200
0.025217000
0.025689200
0.025212400
0.025171000
0.025180500
0.025172700
0.025192400
0.025189400
0.025541300
0.025355800
0.025154900
0.025134900
0.025147400
0.025147000
0.025164900
0.025163500
0.025183000
0.025150300
0.025165500
0.025161500
0.025175400
0.025155700
0.025142400
0.025154500
0.025154800
0.025139500
0.025149500
0.025152800
0.025148800
0.025144000
0.026806100
0.025189700
0.025174600
0.025150600
0.025163700
0.025182100
0.025147700
