3.556107300
3.457613900
3.574131800
3.523691100
3.564130500
3.519426000
3.715359300
3.527808000
3.528606000
3.515327100
3.662376900
3.522927800
3.502732900
3.506349100
3.493423200
3.501148000
3.551345100
3.522258400
3.514061300
3.552560900
3.547235900
3.494791100
3.512050300
3.496817200
3.497309700
3.502161500
3.496137500
3.545642800
3.623322100
3.624955900
3.648827400
3.798171500
3.558597800
3.516831300
3.622552700
3.545065700
3.559356800
3.523797900
3.509928300
3.497526300
3.542763500
3.532675900
3.522555300
3.524595800
3.542421600
3.520132300
3.506896100
3.550825600
3.592898600
3.594509200
3.527181000
3.543702900
3.534779400
3.535951800
3.535270400
3.556792900
3.541630400
3.567326700
3.567137700
4.097885200
5.712123100
5.862128300
4.584111300
3.728994900
6.517350800
5.524819300
3.656966600
5.203634600
3.632073700
4.489554000
3.551201100
3.563012500
3.549244300
3.554898300
3.562405200
3.528582900
3.539346000
3.575462000
3.888633100
3.713559800
5.405963500
4.392540600
4.006097400
3.635449400
3.611570800
4.632999100
3.961153300
4.130870000
5.122131000
4.174461700
4.608264600
4.219198200
4.868367900
4.443204000
4.763810900
4.209388500
3.712980300
4.669076800
3.709766400
4.387013300
