1.168669100
1.174274900
1.170842000
1.160166400
1.164008200
1.150936700
1.158327800
1.156632900
1.168735300
1.157801600
1.148765900
1.167253200
1.164481100
1.146440100
1.154612400
1.156687500
1.176353000
1.170834800
1.186064500
1.150426600
1.138183700
1.158642200
1.146706400
1.169151900
1.153268500
1.157711500
1.156299500
1.150896200
1.167985000
1.151834300
1.163394800
1.193329100
1.162487900
1.154657900
1.165212200
1.159452700
1.160401800
1.145968100
1.164944400
1.161991800
1.172528900
1.141638900
1.164700900
1.148931700
1.163090800
1.147042200
1.151242100
1.149795200
1.149025300
1.176094000
1.165828000
1.165955700
1.152461200
1.146355500
1.167914200
1.163892000
1.151014700
1.154972700
1.168253900
1.155640700
1.149584700
1.173640600
1.145840400
1.165993600
1.161742500
1.160516000
1.170063300
1.163570100
1.167330700
1.170484800
1.164445800
1.143032500
1.150913200
1.149890600
1.166867900
1.159051000
1.158327700
1.168408200
1.151503300
1.133442400
1.153800400
1.150647000
1.167925700
1.178179900
1.167409700
1.171254000
1.152489100
1.142395800
1.172822600
1.164819500
1.155347600
1.143036200
1.159312500
1.147184500
1.155593300
1.152386700
1.162874900
1.166936600
1.158680000
1.170755400
