0.646217800
0.651562000
0.636466800
0.637345400
0.636992700
0.633028000
0.635136500
0.628785200
0.623086300
0.630274500
0.640867900
0.628328800
0.619632500
0.634919300
0.628923000
0.640813100
0.643453000
0.617236300
0.641177500
0.616755800
0.637036100
0.624763000
0.631635300
0.649517600
0.661492600
0.631882400
0.661838800
0.636565400
0.661345700
0.639176100
0.637710300
0.640274700
0.648943100
0.637059300
0.646035700
0.642607300
0.646295000
0.637858600
0.638738600
0.637849100
0.649784900
0.640687200
0.638784100
0.630393100
0.643545300
0.643883800
0.637589000
0.628847700
0.644051100
0.647292500
0.628272500
0.672317900
0.642371700
0.648636200
0.644027100
0.641888000
0.645617600
0.635387300
0.637173600
0.641111700
0.636625800
0.623213100
0.634320700
0.634713000
0.633226100
0.634876100
0.627572000
0.625392700
0.626438600
0.630451300
0.639061900
0.636769400
0.635134600
0.634702700
0.639667900
0.638315000
0.655526000
0.655624000
0.630752800
0.636437700
0.629215400
0.634624800
0.632993800
0.624002700
0.627817400
0.629826600
0.640785500
0.635110800
0.622282900
0.618713700
0.644365200
0.620925800
0.673259400
0.641728100
0.642627100
0.629068200
0.629293800
0.635054900
0.626474900
0.631506700
