0.760848300
0.745918400
0.730973200
0.750398600
0.743631300
0.759469700
0.739404800
0.747164000
0.734820200
0.740494700
0.738394300
0.747360000
0.735364600
0.742405100
0.735467000
0.731204800
0.744912100
0.737438900
0.741360200
0.728461900
0.733966000
0.743602300
0.739245000
0.739466400
0.746816300
0.748734100
0.721348700
0.729899700
0.771303300
0.777531000
0.760665300
0.750636700
0.757538800
0.752363800
0.748522200
0.723770900
0.758542200
0.754473200
0.734631900
0.746140600
0.759106600
0.765842900
0.781439400
0.743435400
0.755929800
0.747854800
0.742352200
0.749475800
0.757110400
0.738791400
0.742145300
0.743623000
0.737625300
0.736277200
0.744818700
0.753214100
0.750556400
0.749245500
0.743809500
0.749647200
0.743156000
0.726336500
0.717490700
0.759215000
0.738571000
0.742028700
0.732728200
0.742947000
0.740171300
0.740196900
0.744595900
0.754866300
0.746858800
0.750808900
0.754179200
0.743942400
0.743782200
0.740869400
0.737015800
0.746947000
0.751626100
0.745995400
0.741236100
0.733372700
0.725020300
0.766859300
0.737843600
0.744863500
0.759237000
0.736461900
0.761771500
0.750106000
0.731794100
0.723339600
0.742981600
0.732202700
0.742762800
0.742491700
0.741280000
0.748442700
