13.778730900
13.804503300
13.593351100
13.370955200
13.633605900
13.474860400
13.424683900
13.815310400
13.642442700
13.570639700
13.687221900
13.605344100
13.500138800
13.530280100
13.531929200
13.499891000
13.614165900
13.590161200
13.636648400
13.578624800
13.644419300
13.996659600
14.112559600
14.326583000
14.258637500
14.166382400
14.086823600
14.091209900
14.189953000
14.178601500
14.166786500
14.124952400
14.049288300
13.995349600
13.974584500
14.003151600
14.039901600
14.048482500
13.979217100
13.999160500
14.269639200
14.143936600
14.125406300
14.198574400
14.071838600
14.146323100
14.034087500
14.073142200
14.054529100
14.142931600
14.073689900
14.239019200
13.950944500
13.984782800
14.139297900
14.000436100
13.916897400
14.032720800
14.036466900
13.982920400
14.162723100
14.062674300
14.045544000
14.143658800
14.142611900
14.094298000
14.059464900
13.972446500
14.006522800
14.160209700
14.025527000
14.112920600
14.084121100
14.093807900
14.136460500
14.024366200
14.009601800
13.795285900
14.075208600
14.111213100
13.980464500
13.861649400
14.060928900
13.957489000
13.988617700
13.979537600
13.895652400
13.930814100
14.013205900
14.059145800
13.984432200
13.901285400
14.046474800
14.146375500
14.100552900
14.026878600
13.976545000
14.074119200
14.407838200
14.098734500
