14.846032400
14.903800200
14.834578300
15.455577100
15.218172700
15.102371800
15.414687900
15.434361700
15.392166300
14.982998300
14.840297800
14.834158200
14.845860700
14.905033000
15.305087200
15.101713700
15.137937400
17.224093800
20.459444300
14.853799600
16.764466800
14.980715400
14.874363500
14.961010400
14.737997500
14.869336200
14.780318600
14.783638100
15.018414500
14.958230700
15.051630000
14.904699800
14.773714300
14.805307400
14.814261300
14.895371600
15.071578100
15.166698300
15.309969800
14.912566800
18.439115900
15.057703400
15.006261600
15.422103200
16.063586800
15.115433000
15.130232000
15.088246300
15.125508100
15.146642600
15.150588300
15.058208800
15.032037800
15.021892700
14.821753500
14.747667300
14.685836300
14.861789400
15.054131800
15.822642800
16.611233600
15.858287100
15.008895300
14.930123400
15.353183200
15.118271000
15.087485100
15.112997100
15.029899000
15.182464800
14.927431400
14.942538700
14.944129600
14.893777200
14.897720200
14.873201000
14.865126900
14.874969300
14.882635000
14.867399000
14.887096700
14.896743200
14.867166100
14.888733200
14.863443500
14.904125500
15.047749900
14.950411700
14.856614300
14.949202600
14.997485400
14.924117200
23.750157900
19.689979400
16.652621300
14.970235200
16.240175200
16.039055600
15.085473200
15.729331300
