13.230649500
13.440188800
12.867675500
13.192345900
13.116227600
13.239645000
13.350635600
13.448335100
13.239069100
13.186387200
13.184514200
13.210191500
13.580535100
13.135003900
13.043256100
13.040839300
13.163613300
13.249554000
13.280869100
13.043186100
13.001765700
13.077488000
13.048941900
13.129562600
13.190793200
13.214321800
13.484898300
13.500243700
13.782922500
13.766648200
13.282213100
13.426212600
13.390948700
13.579848900
13.818819000
13.682241200
13.496495100
13.649670000
13.806677000
13.545458300
13.403324100
13.442725400
13.510760900
13.422528800
13.441290700
13.385473300
13.412293500
13.369791900
13.530163400
13.542665700
13.476468000
13.508155300
13.507152600
13.320148000
13.288769900
13.329323500
13.391701900
13.442572900
13.542925200
13.736773700
13.619497200
13.738237300
13.624818300
13.519675000
13.644854000
14.609877100
13.661262600
13.683074300
13.777440500
14.341060200
13.648235000
13.714500800
13.622767400
13.760808500
13.915902500
13.587959500
13.607455100
13.633623200
13.672226500
13.708368100
13.651374900
13.737140900
13.822936000
13.810804600
13.893796100
13.793854100
13.831626500
13.935864900
13.749394300
13.680975900
13.663931700
13.719463200
13.914217700
13.713811300
13.789939600
13.826405900
14.143650200
13.682817700
13.531776500
13.442705700
