0.092188300
0.088528800
0.089984600
0.089193600
0.092575400
0.089300000
0.090849700
0.091805100
0.091140600
0.089672000
0.091367300
0.093369400
0.090670600
0.089439000
0.091142900
0.089964400
0.089148900
0.089129500
0.088872000
0.089270500
0.089375200
0.089355100
0.089345200
0.090392900
0.089292200
0.089990200
0.089634400
0.089353100
0.089602600
0.088996100
0.089291200
0.089217900
0.089322300
0.089580000
0.091918000
0.089445500
0.090067000
0.090258400
0.090646200
0.089418900
0.089537400
0.091046300
0.089453800
0.090686800
0.090948500
0.089958200
0.090241600
0.089779500
0.089627700
0.089230400
0.089057900
0.089084400
0.090305700
0.091043500
0.090519800
0.092711500
0.089354500
0.090209700
0.089308300
0.089428600
0.090177200
0.089164600
0.090606500
0.089258400
0.090526200
0.089268900
0.095874300
0.089846600
0.090483000
0.089003300
0.089590500
0.090171800
0.089537400
0.088961800
0.089327500
0.089588000
0.089644800
0.090141400
0.089663500
0.090847400
0.089667100
0.090227900
0.091335400
0.088991400
0.089327200
0.089208000
0.089321500
0.089652400
0.090686800
0.090253000
0.092318200
0.089360100
0.090680200
0.089984100
0.089154800
0.089233000
0.089238300
0.090031100
0.089230100
0.090215300
