0.072904500
0.072624100
0.072344700
0.072163300
0.075437100
0.074121800
0.072246200
0.071169800
0.094038000
0.075339200
0.071735800
0.074798900
0.079095900
0.081149900
0.072231900
0.072811300
0.072975000
0.071362800
0.072254600
0.073166600
0.071709200
0.073502100
0.073176200
0.074724600
0.077394500
0.074985700
0.073280600
0.072707800
0.073074900
0.077218700
0.076272900
0.072261200
0.072185300
0.072468700
0.071265200
0.071131900
0.071799400
0.072333100
0.071399400
0.074432700
0.072535200
0.071615600
0.071224200
0.071171400
0.072204600
0.072664400
0.072394100
0.074134300
0.071413500
0.077717600
0.071500100
0.072823600
0.071977000
0.074054700
0.074548900
0.071336500
0.072023700
0.073332500
0.071485500
0.073661700
0.071675000
0.071402100
0.071965500
0.071649000
0.072205100
0.073280000
0.071682300
0.073665600
0.071700100
0.071367600
0.071204400
0.071757800
0.071375600
0.071338200
0.071348000
0.071596200
0.072118200
0.072034200
0.071702700
0.073079200
0.072573400
0.072198000
0.071475900
0.071258500
0.071331500
0.071235700
0.074174700
0.071409600
0.071166600
0.071155400
0.071389000
0.072612700
0.073899000
0.071330200
0.072176700
0.072340600
0.071293700
0.072570300
0.071207100
0.072923500
