0.069824300
0.069179900
0.071469600
0.070925300
0.069746400
0.070020500
0.071789400
0.071475900
0.071407600
0.070028700
0.070169600
0.078712600
0.072800200
0.070621800
0.070209700
0.069966700
0.070023400
0.069810300
0.070636100
0.069981100
0.070345400
0.069956600
0.069897100
0.070079100
0.069890700
0.070762200
0.069985900
0.069756600
0.069692300
0.070156900
0.070513100
0.069930200
0.069837700
0.069732700
0.070651100
0.069777900
0.069971800
0.069849700
0.069618600
0.069765700
0.070858100
0.069673000
0.071729400
0.070757300
0.071575000
0.070139000
0.070013600
0.069822800
0.069760200
0.070234500
0.070705400
0.071960300
0.070280400
0.069918700
0.070310800
0.069673100
0.069826100
0.071460600
0.070637600
0.070095700
0.070637500
0.069676900
0.069599600
0.071544400
0.070959400
0.070485900
0.069939300
0.069854900
0.069917900
0.071143100
0.069991600
0.069997900
0.070122000
0.069942000
0.069653000
0.069965000
0.069599000
0.071481200
0.071008600
0.069982900
0.070134300
0.070103400
0.069475700
0.071113900
0.070184100
0.070002000
0.070054700
0.070103800
0.070212200
0.069858700
0.069619800
0.070250200
0.069664900
0.069772000
0.070368300
0.069785500
0.070015400
0.070189800
0.072381100
0.070539400
