1.255081400
1.240303300
1.246356500
1.240644500
1.243685000
1.227872000
1.248588900
1.250621600
1.243245000
1.241467300
1.243069300
1.226264400
1.232443800
1.241570500
1.234744600
1.243848000
1.262766800
1.248573000
1.252587900
1.254866300
1.255376000
1.242763000
1.240573600
1.242414300
1.236248300
1.246539200
1.240034200
1.216122400
1.206546800
1.231263100
1.242705300
1.225120000
1.246645900
1.223854400
1.234186800
1.234146800
1.257452600
1.229020900
1.254106300
1.228164900
1.251731600
1.239625800
1.232435500
1.251387000
1.231995500
1.255783500
1.248825100
1.237915600
1.247203600
1.244489100
1.251516100
1.259363400
1.214909000
1.233946300
1.245773800
1.223862400
1.244884000
1.254322500
1.257012100
1.251253200
1.238022400
1.280809600
1.249727700
1.242455700
1.258924700
1.239278300
1.252560100
1.236683200
1.254873400
1.242077000
1.265695700
1.228042800
1.222963700
1.241057900
1.224813300
1.262114300
1.256019100
1.220994500
1.223524900
1.255295600
1.242118900
1.223904300
1.212966000
1.228836900
1.255535100
1.221545600
1.223934600
1.220250400
1.231555300
1.239169900
1.248851200
1.229968300
1.216388200
1.249566000
1.222624800
1.223417100
1.220564600
1.256717300
1.246260600
1.254295900
