0.444946100
0.436743700
0.424041000
0.431800400
0.429330600
0.424673700
0.422279100
0.425304200
0.454663900
0.418665200
0.425401600
0.427490400
0.423352800
0.437009000
0.419812400
0.431723000
0.422237200
0.424901800
0.422529500
0.426256500
0.426068400
0.419267000
0.426282100
0.420220600
0.424951700
0.422500000
0.423739700
0.429441200
0.420842800
0.426295400
0.424158200
0.421791500
0.426982100
0.419180000
0.425049000
0.418922200
0.429699200
0.422736400
0.426726600
0.420777200
0.425722000
0.429094700
0.422508600
0.424592800
0.423791900
0.419287200
0.443772100
0.420156200
0.430648000
0.424589500
0.430012100
0.428345300
0.426300700
0.462967500
0.424001900
0.429050900
0.439359200
0.421296200
0.437614100
0.426648300
0.427847500
0.424467000
0.424996400
0.426281800
0.420186000
0.449023800
0.431839800
0.433012000
0.445590400
0.426095100
0.455782800
0.426159500
0.423265500
0.427335300
0.433717800
0.440921500
0.422997000
0.422325500
0.423042300
0.423882500
0.423126400
0.426037400
0.419013800
0.421193700
0.429302200
0.424379100
0.427448300
0.425762600
0.427149000
0.424478600
0.431154300
0.421375200
0.425222200
0.427731400
0.423770900
0.425339800
0.424054400
0.426237200
0.423761500
0.422642000
