0.363940300
0.364185500
0.360937100
0.385256800
0.360424200
0.356863200
0.360951100
0.357437700
0.358929300
0.360330300
0.354442900
0.360662400
0.356645900
0.358515000
0.393041000
0.361100700
0.355101900
0.358715300
0.354973600
0.355046000
0.360311300
0.358168300
0.361125400
0.356351500
0.355169500
0.355395800
0.374094000
0.360047400
0.377191000
0.356221000
0.358378400
0.358668800
0.354503400
0.358264500
0.355854900
0.354790900
0.356688600
0.361810700
0.356560100
0.360806400
0.359342800
0.359320000
0.357628100
0.367413200
0.354764300
0.383694400
0.359582500
0.355130900
0.358162800
0.361464000
0.364950100
0.361993300
0.358393800
0.359977300
0.361370000
0.358748600
0.374016900
0.357816000
0.358112400
0.360479700
0.355300200
0.359326100
0.358978800
0.355369100
0.364898100
0.361304700
0.358014400
0.363343700
0.356023700
0.354365000
0.364611600
0.355478500
0.355022200
0.366496700
0.357913500
0.360205200
0.365606800
0.355428300
0.362610900
0.359128100
0.379783700
0.359547100
0.362367000
0.363239300
0.520716200
0.377861100
0.374770000
0.388584100
0.369970700
0.370998400
0.397633900
0.371560100
0.389190300
0.366800700
0.359019500
0.384839200
0.360123800
0.386934400
0.364360100
0.363213900
