7.246604200
7.248973100
7.239380800
7.230083500
7.606383600
7.385918100
7.279156500
7.290007400
7.244504200
7.268349400
7.235278000
7.418469500
7.555037800
7.334268400
7.271022100
7.236362900
7.230313200
7.229237700
7.369739200
7.360140900
7.683569100
7.279119500
7.285288200
7.299846100
7.265098600
7.302196100
7.365713100
7.281036400
7.395699500
7.312867600
7.316755000
7.235921300
7.414164700
7.244197700
7.288653700
7.353145300
7.267796100
7.285337900
7.307461500
7.298497300
7.374736800
7.272856300
7.289845800
7.260309600
7.296406100
7.274138600
7.301361300
7.230457800
7.347292300
7.283085400
7.326264400
7.275740300
7.284573100
7.344939800
7.281827500
7.248603800
7.235561200
7.265551100
7.320817800
7.268630600
7.323576100
7.286539200
7.268359000
7.226144500
7.288263000
7.281638900
7.271778200
7.278055300
7.241935100
7.293907000
7.251072700
7.300497900
7.254479400
7.273112100
7.277324600
7.258597200
7.259047700
7.251720200
7.229081900
7.254309700
7.273994500
7.225268800
7.284691500
7.231946300
7.248449000
7.263796100
7.250778400
7.276016700
7.254147400
7.268915900
7.252159700
7.253568500
7.277671600
7.264181300
7.242834500
7.274440600
7.256493400
7.249615100
7.257363100
7.259583600
