6.732785300
6.790915800
6.776897400
6.719226000
6.666674000
6.782543800
6.748502500
6.853241200
6.686268500
6.779160100
6.739174700
6.824227400
6.881678100
6.833710500
6.686062600
6.918137500
6.844316300
6.881546700
6.866958900
6.766415200
6.801655900
6.754106300
6.870609600
6.821901700
6.833826800
6.654450700
6.636057900
6.770353300
6.827398400
6.840741900
6.839538600
6.847995900
6.776471500
6.722147600
6.742948100
6.755874300
6.711265300
6.542073200
6.720672200
6.698131800
6.770225900
6.810389500
6.673174000
6.673842400
6.793311100
6.697510100
6.677839700
6.630619800
6.710607300
6.757577300
6.751932600
6.715463100
6.611478900
6.748581400
6.654160500
6.807706900
6.707475600
6.597724600
6.652742300
6.790391200
6.682961600
6.759010500
6.739776400
6.798867100
6.692813300
6.746439000
6.742680500
6.767726400
6.733877000
6.747340500
6.702712900
6.694783600
6.710435800
6.739826900
6.770540700
6.754784000
6.670499700
6.858323200
6.818823000
6.785834300
6.884484700
6.811841900
6.750260500
6.706867000
6.757436400
6.715089500
6.809755800
6.815786500
6.864675800
6.896567600
6.788084200
6.801998100
6.852050100
6.901689400
6.882566700
6.806007800
6.824456500
6.874614300
6.911824200
6.845417800
