5.911656100
6.051283600
5.967019800
5.916645700
6.000452300
5.989807200
5.967159300
5.972591200
5.852376500
5.978826000
5.973327700
6.006810500
5.919599800
5.917756400
5.819570900
5.837887800
5.929616800
5.784966700
5.779839500
5.773622800
5.773352400
5.774937300
5.856420600
5.794630600
5.802907000
5.820413400
5.852869400
5.758345100
5.790092600
5.775441200
5.800302100
5.781660900
5.815277500
5.750084400
5.798042200
5.776322300
5.749500100
5.758327400
5.935520300
5.844695800
5.910263500
5.817046100
5.912736100
5.977984200
5.977258400
5.980258300
6.078561800
5.884060700
5.883659600
5.791637800
5.765778400
6.124821000
6.132292300
6.204106400
6.194359900
6.201071000
6.193216900
6.054564400
6.169633900
6.174723900
6.200268900
6.188659000
6.157024400
6.188832300
6.128866300
6.230927100
6.183571300
6.039609900
6.040598700
6.115170700
6.162500600
6.156868600
6.169566800
6.164168700
6.134888500
6.232111700
6.184619800
6.191601600
6.152360400
6.180847500
6.153578400
6.161617300
6.196423300
6.146993400
6.203776700
6.084841200
6.162958900
6.153727800
6.198919800
6.218504500
6.197784200
6.159434500
6.155709800
6.167603600
6.211410900
6.217169100
6.266015700
6.178369900
6.138065500
6.186925900
