8.716541400
8.136811900
8.128199500
8.038590000
8.093873600
7.972518200
8.589619300
8.025330500
8.561985000
8.172097700
8.662127000
10.174622800
7.987864200
8.665079600
7.944798700
8.057144700
8.270319800
7.975591200
8.104960200
7.889594200
7.903300600
7.907333800
7.929716400
7.886065000
8.105820900
8.001408100
7.898516800
7.916116200
7.982555400
8.164559600
7.912004600
8.460586100
8.258345900
8.472470600
8.170851600
8.273062900
7.941290000
7.925162300
8.031110700
8.146663100
12.577955300
7.938827800
8.225187500
7.982574300
8.383034900
8.687293500
8.044428700
8.145458800
8.019230800
7.994916400
7.902864800
7.897870200
7.875602600
7.889356800
7.899971200
7.936777400
7.870083700
7.829847300
7.902209700
7.888632400
7.879371300
7.894165700
7.848697700
7.906487400
7.844861400
7.938238800
8.040187800
8.124237800
7.885542700
7.882542200
8.257594300
7.933386900
8.174305500
7.936932400
8.463340400
8.207987000
8.108061900
7.905896700
7.917274600
8.261126400
7.968918100
7.938600400
7.860512900
7.813885100
7.938283600
8.164343700
8.144224500
8.044378200
8.231878500
7.907367400
8.055791300
8.081124800
8.092663000
8.058980500
8.864229500
7.916867300
8.526617700
8.050357700
7.904779400
7.859950200
