3.451206900
3.407351500
3.450032200
3.449382000
3.440846300
3.444456300
3.455559600
3.438153200
3.433595800
3.429511400
3.440705400
3.437194300
3.445448100
3.443630700
3.440686800
3.446406400
3.445782000
3.449995500
3.439611500
3.455752000
3.439949800
3.450937200
3.437696000
3.454911000
3.442131100
3.445308000
3.437703100
3.444827000
3.427396900
3.445015600
3.445454500
3.446616400
3.429815800
3.446432200
3.446247100
3.441203100
3.460768200
3.453439200
3.443846900
3.441968500
3.439062400
3.440627900
3.442727300
3.446973800
3.444745000
3.447397000
3.436603800
3.448399400
3.431842100
3.428483400
3.430870500
3.442686200
3.432524900
3.440864800
3.461179100
3.446843500
3.455596900
3.450745200
3.441715800
3.442413800
3.447850000
3.442124400
3.447732100
3.451793500
3.443293000
3.448349400
3.447629000
3.445602200
3.453760900
3.456919000
3.453594000
3.457292200
3.446261800
3.441483400
3.452344400
3.450202900
3.443458700
3.440404300
3.438688000
3.433365800
3.448970000
3.446573100
3.444183900
3.441891100
3.438196200
3.447436100
3.447142500
3.447819000
3.453055700
3.437059100
3.445238500
3.443083600
3.456359400
3.454927100
3.442689100
3.444625800
3.441730700
3.456164400
3.460661400
3.438871200
