3.435985200
3.409777800
3.424169300
3.436133600
3.427736300
3.449157300
3.437457700
3.432532800
3.431539800
3.453017400
3.430291100
3.437538400
3.433444000
3.422498000
3.433076000
3.431538500
3.419712900
3.430159300
3.423924900
3.430242100
3.427725500
3.428279900
3.424533500
3.444460000
3.426776600
3.431673500
3.441758400
3.444533800
3.431546600
3.434019300
3.429084900
3.431199800
3.437215900
3.426353000
3.439363900
3.429531000
3.432544700
3.439070700
3.433421200
3.425264300
3.432479800
3.427246200
3.422819700
3.424420400
3.436399900
3.425146200
3.432899900
3.423834600
3.444396900
3.431223400
3.424064200
3.431111400
3.437252800
3.425081700
3.425109700
3.427003700
3.432664900
3.426492400
3.430056300
3.427406200
3.424751000
3.431166000
3.427847300
3.425576700
3.428553300
3.428918800
3.427653800
3.422857200
3.424061200
3.424407000
3.421602800
3.423794500
3.423033700
3.418038600
3.423703200
3.420003800
3.436958200
3.445119900
3.426922400
3.434622000
3.438980000
3.437452500
3.434063400
3.420168600
3.435055200
3.427541600
3.429759500
3.417700200
3.429421200
3.425886800
3.438465800
3.429514500
3.423865400
3.438280100
3.431069800
3.432492300
3.431432300
3.427815700
3.424168200
3.426274600
