0.002518500
0.002518700
0.002512300
0.002527700
0.002515200
0.002511900
0.002517300
0.002506600
0.002518400
0.002512000
0.002516900
0.002515100
0.002518400
0.002510400
0.002519700
0.002512700
0.002882200
0.003031600
0.002524300
0.002515600
0.002511800
0.002508600
0.002546900
0.002559700
0.002515300
0.002513900
0.002515200
0.002514800
0.002521600
0.002536500
0.002506900
0.002511900
0.002515100
0.002508000
0.002514500
0.002517700
0.002530400
0.002509900
0.002512300
0.002513900
0.002519000
0.002515800
0.002515300
0.002535900
0.002514300
0.002516900
0.002519400
0.002538800
0.002510500
0.003052400
0.002520200
0.002516900
0.002512500
0.002515600
0.002527200
0.002511500
0.002508300
0.002512300
0.002515900
0.002509000
0.002533400
0.002513700
0.002508900
0.002512400
0.002519700
0.002512500
0.002530500
0.002512300
0.002519600
0.002515700
0.002506700
0.002508900
0.002512100
0.002525900
0.002512800
0.002513100
0.002516400
0.002515400
0.002522500
0.002523200
0.002508800
0.002512700
0.002517600
0.002515400
0.002515800
0.002515300
0.002511500
0.002512000
0.002509500
0.002520900
0.002516000
0.002514700
0.002517300
0.002512700
0.002515100
0.002516800
0.002512000
0.002518900
0.002625300
0.002508200
