0.350922400
0.342817500
0.350933000
0.347857400
0.352679400
0.348015700
0.352899200
0.350459000
0.348662100
0.349980000
0.350075400
0.351108900
0.346711100
0.352495100
0.346746000
0.350018200
0.350547200
0.350061200
0.347702800
0.348657100
0.346958100
0.346703100
0.350324000
0.348908800
0.348425300
0.347908300
0.349068500
0.347961400
0.348277700
0.349847900
0.348123200
0.350522100
0.348769400
0.348037900
0.348773700
0.347679400
0.348741800
0.347413700
0.351580600
0.351100300
0.347120700
0.349756700
0.351367900
0.350362100
0.356005400
0.350661000
0.352375800
0.348887300
0.351679500
0.349363600
0.350132300
0.350542600
0.350233000
0.349127800
0.349874000
0.349966800
0.348734400
0.347905700
0.349071900
0.350158600
0.348046400
0.351052200
0.349767800
0.347363500
0.348944400
0.348169300
0.349743900
0.354436300
0.349189800
0.347903800
0.350531400
0.347906600
0.348559800
0.349819200
0.351275800
0.349369400
0.347111700
0.349428200
0.348370100
0.350237900
0.349939300
0.355400300
0.348083600
0.347999200
0.349299500
0.349776900
0.350182000
0.347959400
0.348503000
0.348320300
0.349233000
0.349385600
0.349084200
0.348990300
0.349063000
0.348891100
0.349485000
0.352053000
0.348024700
0.346645600
